time	time	departures_all	arrivals_all	stuck_all	en-route_all	departures_car	arrivals_car	stuck_car	en-route_car	departures_drive_transit	arrivals_drive_transit	stuck_drive_transit	en-route_drive_transit	departures_ride_hail	arrivals_ride_hail	stuck_ride_hail	en-route_ride_hail	departures_walk	arrivals_walk	stuck_walk	en-route_walk	departures_walk_transit	arrivals_walk_transit	stuck_walk_transit	en-route_walk_transit
00:00:00	0	0	0	0	0	0	0	0	0	0	0	0	0	0	0	0	0	0	0	0	0	0	0	0	0
00:05:00	300	0	0	0	0	0	0	0	0	0	0	0	0	0	0	0	0	0	0	0	0	0	0	0	0
00:10:00	600	0	0	0	0	0	0	0	0	0	0	0	0	0	0	0	0	0	0	0	0	0	0	0	0
00:15:00	900	0	0	0	0	0	0	0	0	0	0	0	0	0	0	0	0	0	0	0	0	0	0	0	0
00:20:00	1200	0	0	0	0	0	0	0	0	0	0	0	0	0	0	0	0	0	0	0	0	0	0	0	0
00:25:00	1500	0	0	0	0	0	0	0	0	0	0	0	0	0	0	0	0	0	0	0	0	0	0	0	0
00:30:00	1800	0	0	0	0	0	0	0	0	0	0	0	0	0	0	0	0	0	0	0	0	0	0	0	0
00:35:00	2100	0	0	0	0	0	0	0	0	0	0	0	0	0	0	0	0	0	0	0	0	0	0	0	0
00:40:00	2400	0	0	0	0	0	0	0	0	0	0	0	0	0	0	0	0	0	0	0	0	0	0	0	0
00:45:00	2700	0	0	0	0	0	0	0	0	0	0	0	0	0	0	0	0	0	0	0	0	0	0	0	0
00:50:00	3000	0	0	0	0	0	0	0	0	0	0	0	0	0	0	0	0	0	0	0	0	0	0	0	0
00:55:00	3300	0	0	0	0	0	0	0	0	0	0	0	0	0	0	0	0	0	0	0	0	0	0	0	0
01:00:00	3600	0	0	0	0	0	0	0	0	0	0	0	0	0	0	0	0	0	0	0	0	0	0	0	0
01:05:00	3900	0	0	0	0	0	0	0	0	0	0	0	0	0	0	0	0	0	0	0	0	0	0	0	0
01:10:00	4200	0	0	0	0	0	0	0	0	0	0	0	0	0	0	0	0	0	0	0	0	0	0	0	0
01:15:00	4500	0	0	0	0	0	0	0	0	0	0	0	0	0	0	0	0	0	0	0	0	0	0	0	0
01:20:00	4800	0	0	0	0	0	0	0	0	0	0	0	0	0	0	0	0	0	0	0	0	0	0	0	0
01:25:00	5100	0	0	0	0	0	0	0	0	0	0	0	0	0	0	0	0	0	0	0	0	0	0	0	0
01:30:00	5400	0	0	0	0	0	0	0	0	0	0	0	0	0	0	0	0	0	0	0	0	0	0	0	0
01:35:00	5700	0	0	0	0	0	0	0	0	0	0	0	0	0	0	0	0	0	0	0	0	0	0	0	0
01:40:00	6000	0	0	0	0	0	0	0	0	0	0	0	0	0	0	0	0	0	0	0	0	0	0	0	0
01:45:00	6300	0	0	0	0	0	0	0	0	0	0	0	0	0	0	0	0	0	0	0	0	0	0	0	0
01:50:00	6600	0	0	0	0	0	0	0	0	0	0	0	0	0	0	0	0	0	0	0	0	0	0	0	0
01:55:00	6900	0	0	0	0	0	0	0	0	0	0	0	0	0	0	0	0	0	0	0	0	0	0	0	0
02:00:00	7200	0	0	0	0	0	0	0	0	0	0	0	0	0	0	0	0	0	0	0	0	0	0	0	0
02:05:00	7500	0	0	0	0	0	0	0	0	0	0	0	0	0	0	0	0	0	0	0	0	0	0	0	0
02:10:00	7800	0	0	0	0	0	0	0	0	0	0	0	0	0	0	0	0	0	0	0	0	0	0	0	0
02:15:00	8100	0	0	0	0	0	0	0	0	0	0	0	0	0	0	0	0	0	0	0	0	0	0	0	0
02:20:00	8400	0	0	0	0	0	0	0	0	0	0	0	0	0	0	0	0	0	0	0	0	0	0	0	0
02:25:00	8700	0	0	0	0	0	0	0	0	0	0	0	0	0	0	0	0	0	0	0	0	0	0	0	0
02:30:00	9000	0	0	0	0	0	0	0	0	0	0	0	0	0	0	0	0	0	0	0	0	0	0	0	0
02:35:00	9300	0	0	0	0	0	0	0	0	0	0	0	0	0	0	0	0	0	0	0	0	0	0	0	0
02:40:00	9600	0	0	0	0	0	0	0	0	0	0	0	0	0	0	0	0	0	0	0	0	0	0	0	0
02:45:00	9900	0	0	0	0	0	0	0	0	0	0	0	0	0	0	0	0	0	0	0	0	0	0	0	0
02:50:00	10200	0	0	0	0	0	0	0	0	0	0	0	0	0	0	0	0	0	0	0	0	0	0	0	0
02:55:00	10500	0	0	0	0	0	0	0	0	0	0	0	0	0	0	0	0	0	0	0	0	0	0	0	0
03:00:00	10800	0	0	0	0	0	0	0	0	0	0	0	0	0	0	0	0	0	0	0	0	0	0	0	0
03:05:00	11100	0	0	0	0	0	0	0	0	0	0	0	0	0	0	0	0	0	0	0	0	0	0	0	0
03:10:00	11400	0	0	0	0	0	0	0	0	0	0	0	0	0	0	0	0	0	0	0	0	0	0	0	0
03:15:00	11700	0	0	0	0	0	0	0	0	0	0	0	0	0	0	0	0	0	0	0	0	0	0	0	0
03:20:00	12000	0	0	0	0	0	0	0	0	0	0	0	0	0	0	0	0	0	0	0	0	0	0	0	0
03:25:00	12300	0	0	0	0	0	0	0	0	0	0	0	0	0	0	0	0	0	0	0	0	0	0	0	0
03:30:00	12600	0	0	0	0	0	0	0	0	0	0	0	0	0	0	0	0	0	0	0	0	0	0	0	0
03:35:00	12900	0	0	0	0	0	0	0	0	0	0	0	0	0	0	0	0	0	0	0	0	0	0	0	0
03:40:00	13200	0	0	0	0	0	0	0	0	0	0	0	0	0	0	0	0	0	0	0	0	0	0	0	0
03:45:00	13500	0	0	0	0	0	0	0	0	0	0	0	0	0	0	0	0	0	0	0	0	0	0	0	0
03:50:00	13800	0	0	0	0	0	0	0	0	0	0	0	0	0	0	0	0	0	0	0	0	0	0	0	0
03:55:00	14100	0	0	0	0	0	0	0	0	0	0	0	0	0	0	0	0	0	0	0	0	0	0	0	0
04:00:00	14400	0	0	0	0	0	0	0	0	0	0	0	0	0	0	0	0	0	0	0	0	0	0	0	0
04:05:00	14700	0	0	0	0	0	0	0	0	0	0	0	0	0	0	0	0	0	0	0	0	0	0	0	0
04:10:00	15000	0	0	0	0	0	0	0	0	0	0	0	0	0	0	0	0	0	0	0	0	0	0	0	0
04:15:00	15300	0	0	0	0	0	0	0	0	0	0	0	0	0	0	0	0	0	0	0	0	0	0	0	0
04:20:00	15600	0	0	0	0	0	0	0	0	0	0	0	0	0	0	0	0	0	0	0	0	0	0	0	0
04:25:00	15900	0	0	0	0	0	0	0	0	0	0	0	0	0	0	0	0	0	0	0	0	0	0	0	0
04:30:00	16200	0	0	0	0	0	0	0	0	0	0	0	0	0	0	0	0	0	0	0	0	0	0	0	0
04:35:00	16500	0	0	0	0	0	0	0	0	0	0	0	0	0	0	0	0	0	0	0	0	0	0	0	0
04:40:00	16800	0	0	0	0	0	0	0	0	0	0	0	0	0	0	0	0	0	0	0	0	0	0	0	0
04:45:00	17100	0	0	0	0	0	0	0	0	0	0	0	0	0	0	0	0	0	0	0	0	0	0	0	0
04:50:00	17400	0	0	0	0	0	0	0	0	0	0	0	0	0	0	0	0	0	0	0	0	0	0	0	0
04:55:00	17700	0	0	0	0	0	0	0	0	0	0	0	0	0	0	0	0	0	0	0	0	0	0	0	0
05:00:00	18000	0	0	0	0	0	0	0	0	0	0	0	0	0	0	0	0	0	0	0	0	0	0	0	0
05:05:00	18300	0	0	0	0	0	0	0	0	0	0	0	0	0	0	0	0	0	0	0	0	0	0	0	0
05:10:00	18600	0	0	0	0	0	0	0	0	0	0	0	0	0	0	0	0	0	0	0	0	0	0	0	0
05:15:00	18900	0	0	0	0	0	0	0	0	0	0	0	0	0	0	0	0	0	0	0	0	0	0	0	0
05:20:00	19200	0	0	0	0	0	0	0	0	0	0	0	0	0	0	0	0	0	0	0	0	0	0	0	0
05:25:00	19500	0	0	0	0	0	0	0	0	0	0	0	0	0	0	0	0	0	0	0	0	0	0	0	0
05:30:00	19800	0	0	0	0	0	0	0	0	0	0	0	0	0	0	0	0	0	0	0	0	0	0	0	0
05:35:00	20100	0	0	0	0	0	0	0	0	0	0	0	0	0	0	0	0	0	0	0	0	0	0	0	0
05:40:00	20400	0	0	0	0	0	0	0	0	0	0	0	0	0	0	0	0	0	0	0	0	0	0	0	0
05:45:00	20700	0	0	0	0	0	0	0	0	0	0	0	0	0	0	0	0	0	0	0	0	0	0	0	0
05:50:00	21000	0	0	0	0	0	0	0	0	0	0	0	0	0	0	0	0	0	0	0	0	0	0	0	0
05:55:00	21300	0	0	0	0	0	0	0	0	0	0	0	0	0	0	0	0	0	0	0	0	0	0	0	0
06:00:00	21600	0	0	0	0	0	0	0	0	0	0	0	0	0	0	0	0	0	0	0	0	0	0	0	0
06:05:00	21900	0	0	0	0	0	0	0	0	0	0	0	0	0	0	0	0	0	0	0	0	0	0	0	0
06:10:00	22200	0	0	0	0	0	0	0	0	0	0	0	0	0	0	0	0	0	0	0	0	0	0	0	0
06:15:00	22500	0	0	0	0	0	0	0	0	0	0	0	0	0	0	0	0	0	0	0	0	0	0	0	0
06:20:00	22800	0	0	0	0	0	0	0	0	0	0	0	0	0	0	0	0	0	0	0	0	0	0	0	0
06:25:00	23100	0	0	0	0	0	0	0	0	0	0	0	0	0	0	0	0	0	0	0	0	0	0	0	0
06:30:00	23400	0	0	0	0	0	0	0	0	0	0	0	0	0	0	0	0	0	0	0	0	0	0	0	0
06:35:00	23700	1	0	0	1	1	0	0	1	0	0	0	0	0	0	0	0	0	0	0	0	0	0	0	0
06:40:00	24000	1	0	0	2	1	0	0	2	0	0	0	0	0	0	0	0	0	0	0	0	0	0	0	0
06:45:00	24300	0	0	0	2	0	0	0	2	0	0	0	0	0	0	0	0	0	0	0	0	0	0	0	0
06:50:00	24600	0	1	0	1	0	1	0	1	0	0	0	0	0	0	0	0	0	0	0	0	0	0	0	0
06:55:00	24900	2	0	0	3	2	0	0	3	0	0	0	0	0	0	0	0	0	0	0	0	0	0	0	0
07:00:00	25200	0	1	0	2	0	1	0	2	0	0	0	0	0	0	0	0	0	0	0	0	0	0	0	0
07:05:00	25500	2	0	0	4	2	0	0	4	0	0	0	0	0	0	0	0	0	0	0	0	0	0	0	0
07:10:00	25800	4	2	0	6	4	2	0	6	0	0	0	0	0	0	0	0	0	0	0	0	0	0	0	0
07:15:00	26100	16	0	0	22	16	0	0	22	0	0	0	0	0	0	0	0	0	0	0	0	0	0	0	0
07:20:00	26400	23	0	0	45	23	0	0	45	0	0	0	0	0	0	0	0	0	0	0	0	0	0	0	0
07:25:00	26700	38	8	0	75	38	8	0	75	0	0	0	0	0	0	0	0	0	0	0	0	0	0	0	0
07:30:00	27000	59	7	0	127	58	7	0	126	0	0	0	0	1	0	0	1	0	0	0	0	0	0	0	0
07:35:00	27300	79	19	0	187	79	19	0	186	0	0	0	0	0	0	0	1	0	0	0	0	0	0	0	0
07:40:00	27600	96	27	0	256	96	27	0	255	0	0	0	0	0	0	0	1	0	0	0	0	0	0	0	0
07:45:00	27900	110	28	0	338	110	27	0	338	0	0	0	0	0	1	0	0	0	0	0	0	0	0	0	0
07:50:00	28200	143	35	0	446	139	35	0	442	0	0	0	0	4	0	0	4	0	0	0	0	0	0	0	0
07:55:00	28500	257	45	0	658	255	44	0	653	0	0	0	0	2	1	0	5	0	0	0	0	0	0	0	0
08:00:00	28800	283	109	0	832	280	106	0	827	1	0	0	1	0	3	0	2	0	0	0	0	2	0	0	2
08:05:00	29100	389	87	0	1134	384	86	0	1125	0	0	0	1	3	1	0	4	2	0	0	2	0	0	0	2
08:10:00	29400	371	127	0	1378	365	127	0	1363	0	0	0	1	3	0	0	7	2	0	0	4	1	0	0	3
08:15:00	29700	434	147	0	1665	425	144	0	1644	0	0	0	1	1	2	0	6	7	1	0	10	1	0	0	4
08:20:00	30000	391	152	0	1904	379	144	0	1879	4	0	0	5	0	5	0	1	5	0	0	15	3	3	0	4
08:25:00	30300	467	172	0	2199	457	171	0	2165	1	0	0	6	0	1	0	0	7	0	0	22	2	0	0	6
08:30:00	30600	394	188	0	2405	387	187	0	2365	1	0	0	7	1	1	0	0	4	0	0	26	1	0	0	7
08:35:00	30900	435	189	0	2651	415	189	0	2591	1	0	0	8	1	0	0	1	17	0	0	43	1	0	0	8
08:40:00	31200	434	217	0	2868	419	214	0	2796	0	0	0	8	1	0	0	2	14	0	0	57	0	3	0	5
08:45:00	31500	417	252	0	3033	403	245	0	2954	0	0	0	8	1	1	0	2	13	5	0	65	0	1	0	4
08:50:00	31800	402	213	0	3222	395	204	0	3145	0	0	0	8	1	2	0	1	6	4	0	67	0	3	0	1
08:55:00	32100	364	223	0	3363	356	221	0	3280	0	0	0	8	1	0	0	2	7	2	0	72	0	0	0	1
09:00:00	32400	355	239	0	3479	340	231	0	3389	0	0	0	8	1	1	0	2	14	7	0	79	0	0	0	1
09:05:00	32700	296	241	0	3534	288	234	0	3443	0	0	0	8	0	0	0	2	8	6	0	81	0	1	0	0
09:10:00	33000	276	267	0	3543	269	257	0	3455	0	0	0	8	0	1	0	1	7	9	0	79	0	0	0	0
09:15:00	33300	251	256	0	3538	247	246	0	3456	0	0	0	8	0	0	0	1	3	9	0	73	1	1	0	0
09:20:00	33600	227	251	0	3514	219	234	0	3441	0	0	0	8	1	1	0	1	7	16	0	64	0	0	0	0
09:25:00	33900	184	256	0	3442	177	248	0	3370	0	0	0	8	0	0	0	1	7	8	0	63	0	0	0	0
09:30:00	34200	156	278	0	3320	148	266	0	3252	0	0	0	8	1	1	0	1	7	11	0	59	0	0	0	0
09:35:00	34500	172	244	0	3248	165	232	0	3185	0	0	0	8	1	1	0	1	6	11	0	54	0	0	0	0
09:40:00	34800	128	229	0	3147	125	223	0	3087	0	0	0	8	0	0	0	1	3	6	0	51	0	0	0	0
09:45:00	35100	129	256	0	3020	115	241	0	2961	1	0	0	9	2	0	0	3	11	15	0	47	0	0	0	0
09:50:00	35400	84	226	0	2878	80	211	0	2830	0	0	0	9	0	1	0	2	3	14	0	36	1	0	0	1
09:55:00	35700	94	244	0	2728	91	234	0	2687	0	0	0	9	0	0	0	2	3	10	0	29	0	0	0	1
10:00:00	36000	73	253	0	2548	62	241	0	2508	0	0	0	9	1	1	0	2	9	11	0	27	1	0	0	2
10:05:00	36300	62	228	0	2382	61	222	0	2347	0	0	0	9	0	0	0	2	1	4	0	24	0	2	0	0
10:10:00	36600	69	223	0	2228	61	210	0	2198	0	0	0	9	0	0	0	2	7	9	0	22	1	4	0	-3
10:15:00	36900	35	222	0	2041	32	214	0	2016	0	0	0	9	2	1	0	3	1	7	0	16	0	0	0	-3
10:20:00	37200	46	209	0	1878	34	190	0	1860	0	1	0	8	0	1	0	2	12	17	0	11	0	0	0	-3
10:25:00	37500	35	182	0	1731	31	176	0	1715	0	0	0	8	0	1	0	1	4	4	0	11	0	1	0	-4
10:30:00	37800	42	215	0	1558	37	206	0	1546	0	0	0	8	0	0	0	1	3	7	0	7	2	2	0	-4
10:35:00	38100	32	185	0	1405	26	182	0	1390	0	0	0	8	1	0	0	2	3	3	0	7	2	0	0	-2
10:40:00	38400	36	174	0	1267	33	171	0	1252	0	0	0	8	1	0	0	3	2	3	0	6	0	0	0	-2
10:45:00	38700	32	144	0	1155	29	139	0	1142	0	0	0	8	1	1	0	3	2	3	0	5	0	1	0	-3
10:50:00	39000	28	127	0	1056	24	122	0	1044	0	0	0	8	0	0	0	3	4	3	0	6	0	2	0	-5
10:55:00	39300	32	100	0	988	30	97	0	977	0	0	0	8	0	1	0	2	2	2	0	6	0	0	0	-5
11:00:00	39600	47	119	0	916	42	114	0	905	0	0	0	8	2	2	0	2	3	2	0	7	0	1	0	-6
11:05:00	39900	39	99	0	856	33	94	0	844	0	0	0	8	3	1	0	4	3	4	0	6	0	0	0	-6
11:10:00	40200	39	85	0	810	36	81	0	799	0	0	0	8	0	1	0	3	3	3	0	6	0	0	0	-6
11:15:00	40500	52	106	0	756	43	97	0	745	0	0	0	8	3	3	0	3	6	6	0	6	0	0	0	-6
11:20:00	40800	73	92	0	737	68	92	0	721	1	0	0	9	1	0	0	4	2	0	0	8	1	0	0	-5
11:25:00	41100	24	73	0	688	18	71	0	668	0	0	0	9	2	1	0	5	4	1	0	11	0	0	0	-5
11:30:00	41400	36	64	0	660	32	63	0	637	0	0	0	9	2	0	0	7	1	1	0	11	1	0	0	-4
11:35:00	41700	33	59	0	634	31	57	0	611	0	0	0	9	0	2	0	5	1	0	0	12	1	0	0	-3
11:40:00	42000	32	63	0	603	27	58	0	580	0	0	0	9	2	3	0	4	2	2	0	12	1	0	0	-2
11:45:00	42300	54	62	0	595	52	58	0	574	0	0	0	9	1	2	0	3	1	2	0	11	0	0	0	-2
11:50:00	42600	59	60	0	594	53	54	0	573	0	0	0	9	0	1	0	2	5	5	0	11	1	0	0	-1
11:55:00	42900	62	59	0	597	57	57	0	573	0	0	0	9	2	1	0	3	2	1	0	12	1	0	0	0
12:00:00	43200	37	66	0	568	34	63	0	544	0	0	0	9	0	1	0	2	1	2	0	11	2	0	0	2
12:05:00	43500	42	52	0	558	35	48	0	531	0	0	0	9	3	0	0	5	4	3	0	12	0	1	0	1
12:10:00	43800	56	50	0	564	44	44	0	531	0	0	0	9	2	0	0	7	6	6	0	12	4	0	0	5
12:15:00	44100	59	49	0	574	52	47	0	536	0	0	0	9	2	1	0	8	4	1	0	15	1	0	0	6
12:20:00	44400	58	69	0	563	47	58	0	525	0	0	0	9	2	2	0	8	7	3	0	19	2	6	0	2
12:25:00	44700	61	38	0	586	43	34	0	534	0	0	0	9	5	1	0	12	10	3	0	26	3	0	0	5
12:30:00	45000	49	69	0	566	40	61	0	513	0	0	0	9	4	4	0	12	4	3	0	27	1	1	0	5
12:35:00	45300	56	45	0	577	42	35	0	520	0	0	0	9	7	5	0	14	6	5	0	28	1	0	0	6
12:40:00	45600	56	52	0	581	51	43	0	528	0	0	0	9	0	4	0	10	4	3	0	29	1	2	0	5
12:45:00	45900	56	68	0	569	47	56	0	519	0	0	0	9	2	3	0	9	6	6	0	29	1	3	0	3
12:50:00	46200	73	49	0	593	61	39	0	541	0	0	0	9	7	4	0	12	5	3	0	31	0	3	0	0
12:55:00	46500	51	43	0	601	41	35	0	547	0	0	0	9	1	2	0	11	9	5	0	35	0	1	0	-1
13:00:00	46800	54	56	0	599	43	47	0	543	0	0	0	9	1	3	0	9	8	5	0	38	2	1	0	0
13:05:00	47100	64	50	0	613	51	39	0	555	0	0	0	9	2	5	0	6	9	5	0	42	2	1	0	1
13:10:00	47400	69	54	0	628	58	48	0	565	0	0	0	9	1	3	0	4	9	1	0	50	1	2	0	0
13:15:00	47700	77	52	0	653	65	41	0	589	0	0	0	9	3	0	0	7	8	10	0	48	1	1	0	0
13:20:00	48000	56	76	0	633	35	63	0	561	0	0	0	9	2	2	0	7	18	11	0	55	1	0	0	1
13:25:00	48300	75	66	0	642	65	57	0	569	0	0	0	9	2	5	0	4	6	3	0	58	2	1	0	2
13:30:00	48600	63	66	0	639	38	62	0	545	0	0	0	9	6	1	0	9	11	3	0	66	8	0	0	10
13:35:00	48900	61	67	0	633	47	58	0	534	0	0	0	9	3	2	0	10	9	7	0	68	2	0	0	12
13:40:00	49200	88	62	0	659	64	51	0	547	0	0	0	9	4	4	0	10	15	7	0	76	5	0	0	17
13:45:00	49500	57	55	0	661	37	46	0	538	0	0	0	9	5	3	0	12	12	6	0	82	3	0	0	20
13:50:00	49800	81	58	0	684	61	47	0	552	0	0	0	9	2	2	0	12	13	9	0	86	5	0	0	25
13:55:00	50100	83	64	0	703	59	51	0	560	0	0	0	9	10	3	0	19	12	10	0	88	2	0	0	27
14:00:00	50400	69	85	0	687	39	67	0	532	0	0	0	9	5	5	0	19	16	13	0	91	9	0	0	36
14:05:00	50700	84	69	0	702	64	48	0	548	1	0	0	10	2	6	0	15	11	11	0	91	6	4	0	38
14:10:00	51000	85	68	0	719	60	47	0	561	0	0	0	10	1	6	0	10	16	11	0	96	8	4	0	42
14:15:00	51300	83	66	0	736	61	48	0	574	0	0	0	10	4	3	0	11	12	10	0	98	6	5	0	43
14:20:00	51600	76	84	0	728	54	54	0	574	1	0	0	11	4	1	0	14	11	17	0	92	6	12	0	37
14:25:00	51900	81	75	0	734	51	53	0	572	0	0	0	11	5	7	0	12	22	10	0	104	3	5	0	35
14:30:00	52200	96	67	0	763	73	48	0	597	0	0	0	11	0	3	0	9	14	10	0	108	9	6	0	38
14:35:00	52500	76	76	0	763	44	53	0	588	0	0	0	11	11	1	0	19	18	12	0	114	3	10	0	31
14:40:00	52800	100	74	0	789	72	55	0	605	0	1	0	10	2	2	0	19	21	11	0	124	5	5	0	31
14:45:00	53100	82	106	0	765	56	79	0	582	0	0	0	10	3	4	0	18	19	15	0	128	4	8	0	27
14:50:00	53400	105	91	0	779	71	58	0	595	0	0	0	10	6	4	0	20	26	20	0	134	2	9	0	20
14:55:00	53700	107	60	0	826	72	40	0	627	0	0	0	10	3	2	0	21	30	15	0	149	2	3	0	19
15:00:00	54000	108	76	0	858	71	52	0	646	0	0	0	10	7	3	0	25	25	15	0	159	5	6	0	18
15:05:00	54300	87	78	0	867	56	62	0	640	0	0	0	10	0	2	0	23	27	11	0	175	4	3	0	19
15:10:00	54600	75	86	0	856	44	58	0	626	0	0	0	10	6	10	0	19	21	17	0	179	4	1	0	22
15:15:00	54900	78	83	0	851	53	62	0	617	0	0	0	10	2	7	0	14	18	11	0	186	5	3	0	24
15:20:00	55200	80	78	0	853	43	56	0	604	0	0	0	10	8	4	0	18	23	18	0	191	6	0	0	30
15:25:00	55500	74	77	0	850	39	55	0	588	0	0	0	10	7	3	0	22	20	17	0	194	8	2	0	36
15:30:00	55800	72	89	0	833	30	55	0	563	0	0	0	10	4	5	0	21	31	29	0	196	7	0	0	43
15:35:00	56100	104	80	0	857	58	54	0	567	0	0	0	10	6	6	0	21	31	20	0	207	9	0	0	52
15:40:00	56400	118	80	0	895	60	53	0	574	0	0	0	10	6	4	0	23	38	21	0	224	14	2	0	64
15:45:00	56700	92	88	0	899	48	50	0	572	0	0	0	10	10	5	0	28	27	33	0	218	7	0	0	71
15:50:00	57000	98	75	0	922	50	45	0	577	0	0	0	10	9	9	0	28	26	21	0	223	13	0	0	84
15:55:00	57300	90	75	0	937	41	55	0	563	0	0	0	10	11	5	0	34	29	15	0	237	9	0	0	93
16:00:00	57600	97	78	0	956	44	47	0	560	0	0	0	10	10	6	0	38	35	22	0	250	8	3	0	98
16:05:00	57900	82	105	0	933	36	57	0	539	0	0	0	10	4	5	0	37	30	34	0	246	12	9	0	101
16:10:00	58200	109	97	0	945	57	47	0	549	0	0	0	10	10	12	0	35	30	25	0	251	12	13	0	100
16:15:00	58500	115	122	0	938	47	65	0	531	0	0	0	10	12	8	0	39	46	36	0	261	10	13	0	97
16:20:00	58800	118	96	0	960	64	61	0	534	0	0	0	10	7	6	0	40	38	15	0	284	9	14	0	92
16:25:00	59100	116	94	0	982	50	51	0	533	0	0	0	10	10	13	0	37	48	24	0	308	8	6	0	94
16:30:00	59400	104	107	0	979	59	49	0	543	0	0	0	10	7	8	0	36	32	35	0	305	6	15	0	85
16:35:00	59700	117	93	0	1003	66	56	0	553	1	0	0	11	14	8	0	42	27	23	0	309	9	6	0	88
16:40:00	60000	119	128	0	994	63	68	0	548	0	0	0	11	7	8	0	41	44	45	0	308	5	7	0	86
16:45:00	60300	125	98	0	1021	70	53	0	565	0	0	0	11	9	11	0	39	36	23	0	321	10	11	0	85
16:50:00	60600	141	128	0	1034	85	70	0	580	0	0	0	11	15	8	0	46	35	36	0	320	6	14	0	77
16:55:00	60900	147	120	0	1061	100	68	0	612	0	0	0	11	11	8	0	49	32	31	0	321	4	13	0	68
17:00:00	61200	155	113	0	1103	96	59	0	649	0	0	0	11	16	10	0	55	41	39	0	323	2	5	0	65
17:05:00	61500	143	146	0	1100	107	85	0	671	0	0	0	11	10	12	0	53	24	37	0	310	2	12	0	55
17:10:00	61800	223	133	0	1190	161	71	0	761	0	0	0	11	20	11	0	62	34	41	0	303	8	10	0	53
17:15:00	62100	148	131	0	1207	96	69	0	788	0	0	0	11	18	11	0	69	31	43	0	291	3	8	0	48
17:20:00	62400	232	134	0	1305	184	86	0	886	0	0	0	11	12	12	0	69	30	31	0	290	6	5	0	49
17:25:00	62700	263	129	0	1439	209	75	0	1020	0	1	0	10	12	12	0	69	34	41	0	283	8	0	0	57
17:30:00	63000	213	123	0	1529	162	77	0	1105	0	0	0	10	12	14	0	67	27	30	0	280	12	2	0	67
17:35:00	63300	257	139	0	1647	187	82	0	1210	0	0	0	10	20	14	0	73	40	43	0	277	10	0	0	77
17:40:00	63600	246	149	0	1744	191	109	0	1292	0	0	0	10	15	6	0	82	30	34	0	273	10	0	0	87
17:45:00	63900	280	159	0	1865	220	102	0	1410	0	0	0	10	16	24	0	74	34	33	0	274	10	0	0	97
17:50:00	64200	295	157	0	2003	229	114	0	1525	2	0	0	12	17	15	0	76	35	28	0	281	12	0	0	109
17:55:00	64500	287	197	0	2093	223	142	0	1606	0	0	0	12	19	16	0	79	34	39	0	276	11	0	0	120
18:00:00	64800	277	186	0	2184	218	136	0	1688	1	0	0	13	15	21	0	73	29	24	0	281	14	5	0	129
18:05:00	65100	347	229	0	2302	280	168	0	1800	0	0	0	13	15	16	0	72	41	32	0	290	11	13	0	127
18:10:00	65400	292	266	0	2328	226	193	0	1833	0	0	0	13	12	11	0	73	40	39	0	291	14	23	0	118
18:15:00	65700	310	238	0	2400	242	174	0	1901	0	0	0	13	13	18	0	68	40	33	0	298	15	13	0	120
18:20:00	66000	353	247	0	2506	300	183	0	2018	1	0	0	14	15	13	0	70	29	35	0	292	8	16	0	112
18:25:00	66300	347	248	0	2605	269	198	0	2089	0	0	0	14	23	12	0	81	44	31	0	305	11	7	0	116
18:30:00	66600	342	252	0	2695	258	182	0	2165	0	0	0	14	9	12	0	78	65	48	0	322	10	10	0	116
18:35:00	66900	312	276	0	2731	243	210	0	2198	0	0	0	14	18	17	0	79	37	39	0	320	14	10	0	120
18:40:00	67200	307	253	0	2785	234	198	0	2234	0	1	0	13	18	12	0	85	48	27	0	341	7	15	0	112
18:45:00	67500	335	317	0	2803	264	249	0	2249	0	0	0	13	22	16	0	91	44	39	0	346	5	13	0	104
18:50:00	67800	379	316	0	2866	296	245	0	2300	0	0	0	13	10	23	0	78	69	34	0	381	4	14	0	94
18:55:00	68100	249	283	0	2832	183	212	0	2271	0	0	0	13	10	18	0	70	54	44	0	391	2	9	0	87
19:00:00	68400	272	307	0	2797	222	242	0	2251	0	0	0	13	12	15	0	67	36	41	0	386	2	9	0	80
19:05:00	68700	277	304	0	2770	204	257	0	2198	0	0	0	13	13	10	0	70	52	31	0	407	8	6	0	82
19:10:00	69000	341	312	0	2799	276	242	0	2232	0	0	0	13	10	17	0	63	52	49	0	410	3	4	0	81
19:15:00	69300	385	324	0	2860	307	268	0	2271	0	0	0	13	15	12	0	66	57	39	0	428	6	5	0	82
19:20:00	69600	234	332	0	2762	166	267	0	2170	0	0	0	13	6	16	0	56	53	43	0	438	9	6	0	85
19:25:00	69900	272	313	0	2721	184	249	0	2105	0	0	0	13	10	14	0	52	65	46	0	457	13	4	0	94
19:30:00	70200	267	293	0	2695	193	232	0	2066	0	0	0	13	18	12	0	58	49	46	0	460	7	3	0	98
19:35:00	70500	252	293	0	2654	170	227	0	2009	0	0	0	13	15	10	0	63	59	54	0	465	8	2	0	104
19:40:00	70800	336	300	0	2690	258	236	0	2031	0	0	0	13	20	9	0	74	45	53	0	457	13	2	0	115
19:45:00	71100	295	307	0	2678	216	245	0	2002	0	0	0	13	15	12	0	77	51	46	0	462	13	4	0	124
19:50:00	71400	195	298	0	2575	118	233	0	1887	0	0	0	13	5	14	0	68	60	50	0	472	12	1	0	135
19:55:00	71700	223	266	0	2532	131	201	0	1817	0	0	0	13	19	15	0	72	64	48	0	488	9	2	0	142
20:00:00	72000	224	301	0	2455	138	230	0	1725	0	0	0	13	22	14	0	80	50	56	0	482	14	1	0	155
20:05:00	72300	271	331	0	2395	185	246	0	1664	0	0	0	13	16	15	0	81	57	52	0	487	13	18	0	150
20:10:00	72600	258	320	0	2333	175	228	0	1611	0	0	0	13	15	20	0	76	61	48	0	500	7	24	0	133
20:15:00	72900	176	279	0	2230	113	202	0	1522	0	0	0	13	12	15	0	73	44	51	0	493	7	11	0	129
20:20:00	73200	190	244	0	2176	118	162	0	1478	0	0	0	13	6	9	0	70	57	61	0	489	9	12	0	126
20:25:00	73500	153	268	0	2061	92	186	0	1384	0	0	0	13	12	12	0	70	37	62	0	464	12	8	0	130
20:30:00	73800	205	269	0	1997	128	186	0	1326	0	0	0	13	22	14	0	78	46	58	0	452	9	11	0	128
20:35:00	74100	226	259	0	1964	149	177	0	1298	0	0	0	13	22	15	0	85	46	51	0	447	9	16	0	121
20:40:00	74400	179	226	0	1917	115	150	0	1263	0	0	0	13	11	14	0	82	47	50	0	444	6	12	0	115
20:45:00	74700	137	201	0	1853	70	131	0	1202	0	0	0	13	10	13	0	79	56	45	0	455	1	12	0	104
20:50:00	75000	140	224	0	1769	74	147	0	1129	0	0	0	13	8	13	0	74	56	47	0	464	2	17	0	89
20:55:00	75300	132	225	0	1676	80	140	0	1069	0	0	0	13	9	15	0	68	40	61	0	443	3	9	0	83
21:00:00	75600	139	207	0	1608	86	140	0	1015	0	0	0	13	20	12	0	76	31	49	0	425	2	6	0	79
21:05:00	75900	152	214	0	1546	106	127	0	994	0	0	0	13	8	22	0	62	36	56	0	405	2	9	0	72
21:10:00	76200	119	171	0	1494	59	108	0	945	0	0	0	13	11	13	0	60	42	44	0	403	7	6	0	73
21:15:00	76500	110	168	0	1436	64	112	0	897	0	0	0	13	6	11	0	55	38	41	0	400	2	4	0	71
21:20:00	76800	112	167	0	1381	43	102	0	838	0	0	0	13	17	11	0	61	49	49	0	400	3	5	0	69
21:25:00	77100	111	174	0	1318	54	119	0	773	0	0	0	13	12	12	0	61	42	41	0	401	3	2	0	70
21:30:00	77400	131	172	0	1277	88	101	0	760	0	0	0	13	3	6	0	58	35	60	0	376	5	5	0	70
21:35:00	77700	117	138	0	1256	68	89	0	739	0	0	0	13	8	6	0	60	35	38	0	373	6	5	0	71
21:40:00	78000	97	147	0	1206	34	83	0	690	0	0	0	13	10	14	0	56	41	44	0	370	12	6	0	77
21:45:00	78300	109	132	0	1183	51	71	0	670	0	0	0	13	14	9	0	61	41	48	0	363	3	4	0	76
21:50:00	78600	101	133	0	1151	44	82	0	632	0	0	0	13	6	10	0	57	41	39	0	365	10	2	0	84
21:55:00	78900	106	123	0	1134	56	69	0	619	0	0	0	13	10	12	0	55	33	42	0	356	7	0	0	91
22:00:00	79200	103	125	0	1112	51	74	0	596	0	0	0	13	10	12	0	53	39	36	0	359	3	3	0	91
22:05:00	79500	76	95	0	1093	23	54	0	565	0	0	0	13	10	12	0	51	31	24	0	366	12	5	0	98
22:10:00	79800	61	122	0	1032	18	58	0	525	0	0	0	13	2	12	0	41	35	41	0	360	6	11	0	93
22:15:00	80100	85	133	0	984	31	75	0	481	0	0	0	13	11	13	0	39	35	35	0	360	8	10	0	91
22:20:00	80400	62	117	0	929	21	56	0	446	0	0	0	13	7	10	0	36	32	43	0	349	2	8	0	85
22:25:00	80700	85	106	0	908	35	53	0	428	0	0	0	13	6	9	0	33	37	34	0	352	7	10	0	82
22:30:00	81000	68	104	0	872	20	54	0	394	0	0	0	13	6	6	0	33	39	34	0	357	3	10	0	75
22:35:00	81300	74	90	0	856	22	47	0	369	0	0	0	13	7	9	0	31	37	28	0	366	8	6	0	77
22:40:00	81600	63	115	0	804	14	48	0	335	1	0	0	14	12	10	0	33	32	49	0	349	4	8	0	73
22:45:00	81900	67	94	0	777	17	42	0	310	0	0	0	14	7	4	0	36	39	41	0	347	4	7	0	70
22:50:00	82200	61	87	0	751	18	32	0	296	0	0	0	14	7	12	0	31	34	34	0	347	2	9	0	63
22:55:00	82500	59	105	0	705	24	39	0	281	0	0	0	14	8	3	0	36	24	55	0	316	3	8	0	58
23:00:00	82800	51	70	0	686	7	20	0	268	0	0	0	14	8	7	0	37	34	38	0	312	2	5	0	55
23:05:00	83100	45	75	0	656	5	33	0	240	0	0	0	14	3	4	0	36	33	33	0	312	4	5	0	54
23:10:00	83400	49	80	0	625	11	27	0	224	0	0	0	14	8	10	0	34	27	39	0	300	3	4	0	53
23:15:00	83700	48	81	0	592	9	29	0	204	0	0	0	14	8	5	0	37	28	44	0	284	3	3	0	53
23:20:00	84000	45	58	0	579	13	20	0	197	0	0	0	14	4	12	0	29	26	23	0	287	2	3	0	52
23:25:00	84300	42	62	0	559	9	20	0	186	0	0	0	14	9	5	0	33	21	31	0	277	3	6	0	49
23:30:00	84600	53	64	0	548	6	22	0	170	0	0	0	14	7	5	0	35	36	34	0	279	4	3	0	50
23:35:00	84900	39	58	0	529	3	17	0	156	0	0	0	14	3	8	0	30	28	31	0	276	5	2	0	53
23:40:00	85200	61	59	0	531	15	22	0	149	0	0	0	14	10	8	0	32	32	26	0	282	4	3	0	54
23:45:00	85500	53	59	0	525	7	13	0	143	0	0	0	14	12	4	0	40	31	40	0	273	3	2	0	55
23:50:00	85800	35	61	0	499	5	21	0	127	0	0	0	14	7	5	0	42	21	33	0	261	2	2	0	55
23:55:00	86100	26	51	0	474	3	12	0	118	0	0	0	14	5	9	0	38	15	27	0	249	3	3	0	55
24:00:00	86400	701	57	0	1118	41	9	0	150	0	0	0	14	88	7	0	119	571	37	0	783	1	4	0	52
24:05:00	86700	46	67	0	1097	1	15	0	136	0	0	0	14	33	13	0	139	12	35	0	760	0	4	0	48
24:10:00	87000	28	79	0	1046	0	13	0	123	0	0	0	14	14	22	0	131	14	37	0	737	0	7	0	41
24:15:00	87300	12	93	0	965	0	10	0	113	0	0	0	14	9	21	0	119	3	57	0	683	0	5	0	36
24:20:00	87600	15	104	0	876	0	12	0	101	0	0	0	14	8	29	0	98	7	52	0	638	0	11	0	25
24:25:00	87900	15	122	0	769	0	11	0	90	0	1	0	13	13	29	0	82	2	81	0	559	0	0	0	25
24:30:00	88200	17	81	0	705	1	12	0	79	0	0	0	13	14	13	0	83	2	49	0	512	0	7	0	18
24:35:00	88500	17	115	0	607	0	8	0	71	0	0	0	13	14	19	0	78	3	86	0	429	0	2	0	16
24:40:00	88800	10	88	0	529	0	6	0	65	0	0	0	13	6	16	0	68	4	63	0	370	0	3	0	13
24:45:00	89100	5	79	0	455	1	6	0	60	0	0	0	13	4	14	0	58	0	57	0	313	0	2	0	11
24:50:00	89400	4	66	0	393	0	4	0	56	0	0	0	13	3	16	0	45	1	43	0	271	0	3	0	8
24:55:00	89700	6	61	0	338	0	7	0	49	0	0	0	13	3	14	0	34	3	39	0	235	0	1	0	7
25:00:00	90000	5	55	0	288	0	4	0	45	0	0	0	13	3	10	0	27	2	40	0	197	0	1	0	6
25:05:00	90300	4	57	0	235	0	1	0	44	0	0	0	13	2	12	0	17	2	44	0	155	0	0	0	6
25:10:00	90600	6	51	0	190	0	3	0	41	0	0	0	13	2	6	0	13	4	41	0	118	0	1	0	5
25:15:00	90900	3	47	0	146	0	2	0	39	0	0	0	13	1	4	0	10	2	41	0	79	0	0	0	5
25:20:00	91200	1	33	0	114	0	1	0	38	0	0	0	13	0	4	0	6	1	28	0	52	0	0	0	5
25:25:00	91500	2	18	0	98	0	2	0	36	0	0	0	13	2	2	0	6	0	14	0	38	0	0	0	5
25:30:00	91800	4	17	0	85	0	6	0	30	0	0	0	13	1	1	0	6	3	10	0	31	0	0	0	5
25:35:00	92100	1	13	0	73	0	2	0	28	0	0	0	13	1	1	0	6	0	10	0	21	0	0	0	5
25:40:00	92400	1	11	0	63	0	0	0	28	0	0	0	13	0	0	0	6	1	11	0	11	0	0	0	5
25:45:00	92700	0	10	0	53	0	2	0	26	0	0	0	13	0	3	0	3	0	5	0	6	0	0	0	5
25:50:00	93000	2	5	0	50	0	0	0	26	0	0	0	13	2	1	0	4	0	4	0	2	0	0	0	5
25:55:00	93300	1	7	0	44	0	2	0	24	0	0	0	13	1	2	0	3	0	3	0	-1	0	0	0	5
26:00:00	93600	0	1	0	43	0	0	0	24	0	0	0	13	0	0	0	3	0	1	0	-2	0	0	0	5
26:05:00	93900	0	3	0	40	0	2	0	22	0	0	0	13	0	0	0	3	0	1	0	-3	0	0	0	5
26:10:00	94200	0	4	0	36	0	1	0	21	0	0	0	13	0	0	0	3	0	3	0	-6	0	0	0	5
26:15:00	94500	0	6	0	30	0	2	0	19	0	0	0	13	0	1	0	2	0	3	0	-9	0	0	0	5
26:20:00	94800	1	2	0	29	0	1	0	18	0	0	0	13	1	1	0	2	0	0	0	-9	0	0	0	5
26:25:00	95100	0	4	0	25	0	1	0	17	0	0	0	13	0	1	0	1	0	2	0	-11	0	0	0	5
26:30:00	95400	1	5	0	21	0	1	0	16	0	0	0	13	1	0	0	2	0	4	0	-15	0	0	0	5
26:35:00	95700	1	1	0	21	0	0	0	16	0	0	0	13	1	0	0	3	0	1	0	-16	0	0	0	5
26:40:00	96000	2	2	0	21	1	1	0	16	0	0	0	13	1	0	0	4	0	1	0	-17	0	0	0	5
26:45:00	96300	0	3	0	18	0	1	0	15	0	0	0	13	0	1	0	3	0	1	0	-18	0	0	0	5
26:50:00	96600	0	2	0	16	0	0	0	15	0	0	0	13	0	2	0	1	0	0	0	-18	0	0	0	5
26:55:00	96900	0	0	0	16	0	0	0	15	0	0	0	13	0	0	0	1	0	0	0	-18	0	0	0	5
27:00:00	97200	0	1	0	15	0	1	0	14	0	0	0	13	0	0	0	1	0	0	0	-18	0	0	0	5
27:05:00	97500	0	1	0	14	0	1	0	13	0	0	0	13	0	0	0	1	0	0	0	-18	0	0	0	5
27:10:00	97800	0	1	0	13	0	0	0	13	0	0	0	13	0	1	0	0	0	0	0	-18	0	0	0	5
27:15:00	98100	0	1	0	12	0	1	0	12	0	0	0	13	0	0	0	0	0	0	0	-18	0	0	0	5
27:20:00	98400	0	0	0	12	0	0	0	12	0	0	0	13	0	0	0	0	0	0	0	-18	0	0	0	5
27:25:00	98700	0	1	0	11	0	1	0	11	0	0	0	13	0	0	0	0	0	0	0	-18	0	0	0	5
27:30:00	99000	0	0	0	11	0	0	0	11	0	0	0	13	0	0	0	0	0	0	0	-18	0	0	0	5
27:35:00	99300	0	0	0	11	0	0	0	11	0	0	0	13	0	0	0	0	0	0	0	-18	0	0	0	5
27:40:00	99600	0	0	0	11	0	0	0	11	0	0	0	13	0	0	0	0	0	0	0	-18	0	0	0	5
27:45:00	99900	1	0	0	12	0	0	0	11	0	0	0	13	1	0	0	1	0	0	0	-18	0	0	0	5
27:50:00	100200	1	0	0	13	0	0	0	11	0	0	0	13	1	0	0	2	0	0	0	-18	0	0	0	5
27:55:00	100500	0	2	0	11	0	1	0	10	0	0	0	13	0	1	0	1	0	0	0	-18	0	0	0	5
28:00:00	100800	0	0	0	11	0	0	0	10	0	0	0	13	0	0	0	1	0	0	0	-18	0	0	0	5
28:05:00	101100	0	0	0	11	0	0	0	10	0	0	0	13	0	0	0	1	0	0	0	-18	0	0	0	5
28:10:00	101400	0	0	0	11	0	0	0	10	0	0	0	13	0	0	0	1	0	0	0	-18	0	0	0	5
28:15:00	101700	1	1	0	11	1	1	0	10	0	0	0	13	0	0	0	1	0	0	0	-18	0	0	0	5
28:20:00	102000	0	1	0	10	0	0	0	10	0	0	0	13	0	1	0	0	0	0	0	-18	0	0	0	5
28:25:00	102300	0	0	0	10	0	0	0	10	0	0	0	13	0	0	0	0	0	0	0	-18	0	0	0	5
28:30:00	102600	0	0	0	10	0	0	0	10	0	0	0	13	0	0	0	0	0	0	0	-18	0	0	0	5
28:35:00	102900	0	0	0	10	0	0	0	10	0	0	0	13	0	0	0	0	0	0	0	-18	0	0	0	5
28:40:00	103200	1	0	0	11	0	0	0	10	0	0	0	13	1	0	0	1	0	0	0	-18	0	0	0	5
28:45:00	103500	1	1	0	11	0	1	0	9	0	0	0	13	1	0	0	2	0	0	0	-18	0	0	0	5
28:50:00	103800	0	0	0	11	0	0	0	9	0	0	0	13	0	0	0	2	0	0	0	-18	0	0	0	5
28:55:00	104100	0	0	0	11	0	0	0	9	0	0	0	13	0	0	0	2	0	0	0	-18	0	0	0	5
29:00:00	104400	0	0	0	11	0	0	0	9	0	0	0	13	0	0	0	2	0	0	0	-18	0	0	0	5
29:05:00	104700	0	1	0	10	0	0	0	9	0	0	0	13	0	1	0	1	0	0	0	-18	0	0	0	5
29:10:00	105000	0	0	0	10	0	0	0	9	0	0	0	13	0	0	0	1	0	0	0	-18	0	0	0	5
29:15:00	105300	0	1	0	9	0	0	0	9	0	0	0	13	0	1	0	0	0	0	0	-18	0	0	0	5
29:20:00	105600	0	0	0	9	0	0	0	9	0	0	0	13	0	0	0	0	0	0	0	-18	0	0	0	5
29:25:00	105900	1	0	0	10	0	0	0	9	0	0	0	13	0	0	0	0	1	0	0	-17	0	0	0	5
29:30:00	106200	0	0	0	10	0	0	0	9	0	0	0	13	0	0	0	0	0	0	0	-17	0	0	0	5
29:35:00	106500	2	0	0	12	2	0	0	11	0	0	0	13	0	0	0	0	0	0	0	-17	0	0	0	5
29:40:00	106800	1	0	0	13	1	0	0	12	0	0	0	13	0	0	0	0	0	0	0	-17	0	0	0	5
29:45:00	107100	2	0	0	15	2	0	0	14	0	0	0	13	0	0	0	0	0	0	0	-17	0	0	0	5
29:50:00	107400	1	2	0	14	1	2	0	13	0	0	0	13	0	0	0	0	0	0	0	-17	0	0	0	5
29:55:00	107700	2	3	0	13	2	3	0	12	0	0	0	13	0	0	0	0	0	0	0	-17	0	0	0	5
30:00:00	108000	0	0	0	13	0	0	0	12	0	0	0	13	0	0	0	0	0	0	0	-17	0	0	0	5
30:05:00	108300	0	0	0	13	0	0	0	12	0	0	0	13	0	0	0	0	0	0	0	-17	0	0	0	5
