time	time	departures_all	arrivals_all	stuck_all	en-route_all	departures_car	arrivals_car	stuck_car	en-route_car	departures_drive_transit	arrivals_drive_transit	stuck_drive_transit	en-route_drive_transit	departures_ride_hail	arrivals_ride_hail	stuck_ride_hail	en-route_ride_hail	departures_walk	arrivals_walk	stuck_walk	en-route_walk	departures_walk_transit	arrivals_walk_transit	stuck_walk_transit	en-route_walk_transit
00:00:00	0	0	0	0	0	0	0	0	0	0	0	0	0	0	0	0	0	0	0	0	0	0	0	0	0
00:05:00	300	0	0	0	0	0	0	0	0	0	0	0	0	0	0	0	0	0	0	0	0	0	0	0	0
00:10:00	600	0	0	0	0	0	0	0	0	0	0	0	0	0	0	0	0	0	0	0	0	0	0	0	0
00:15:00	900	0	0	0	0	0	0	0	0	0	0	0	0	0	0	0	0	0	0	0	0	0	0	0	0
00:20:00	1200	0	0	0	0	0	0	0	0	0	0	0	0	0	0	0	0	0	0	0	0	0	0	0	0
00:25:00	1500	0	0	0	0	0	0	0	0	0	0	0	0	0	0	0	0	0	0	0	0	0	0	0	0
00:30:00	1800	0	0	0	0	0	0	0	0	0	0	0	0	0	0	0	0	0	0	0	0	0	0	0	0
00:35:00	2100	0	0	0	0	0	0	0	0	0	0	0	0	0	0	0	0	0	0	0	0	0	0	0	0
00:40:00	2400	0	0	0	0	0	0	0	0	0	0	0	0	0	0	0	0	0	0	0	0	0	0	0	0
00:45:00	2700	0	0	0	0	0	0	0	0	0	0	0	0	0	0	0	0	0	0	0	0	0	0	0	0
00:50:00	3000	0	0	0	0	0	0	0	0	0	0	0	0	0	0	0	0	0	0	0	0	0	0	0	0
00:55:00	3300	0	0	0	0	0	0	0	0	0	0	0	0	0	0	0	0	0	0	0	0	0	0	0	0
01:00:00	3600	0	0	0	0	0	0	0	0	0	0	0	0	0	0	0	0	0	0	0	0	0	0	0	0
01:05:00	3900	0	0	0	0	0	0	0	0	0	0	0	0	0	0	0	0	0	0	0	0	0	0	0	0
01:10:00	4200	0	0	0	0	0	0	0	0	0	0	0	0	0	0	0	0	0	0	0	0	0	0	0	0
01:15:00	4500	0	0	0	0	0	0	0	0	0	0	0	0	0	0	0	0	0	0	0	0	0	0	0	0
01:20:00	4800	0	0	0	0	0	0	0	0	0	0	0	0	0	0	0	0	0	0	0	0	0	0	0	0
01:25:00	5100	0	0	0	0	0	0	0	0	0	0	0	0	0	0	0	0	0	0	0	0	0	0	0	0
01:30:00	5400	0	0	0	0	0	0	0	0	0	0	0	0	0	0	0	0	0	0	0	0	0	0	0	0
01:35:00	5700	0	0	0	0	0	0	0	0	0	0	0	0	0	0	0	0	0	0	0	0	0	0	0	0
01:40:00	6000	0	0	0	0	0	0	0	0	0	0	0	0	0	0	0	0	0	0	0	0	0	0	0	0
01:45:00	6300	0	0	0	0	0	0	0	0	0	0	0	0	0	0	0	0	0	0	0	0	0	0	0	0
01:50:00	6600	0	0	0	0	0	0	0	0	0	0	0	0	0	0	0	0	0	0	0	0	0	0	0	0
01:55:00	6900	0	0	0	0	0	0	0	0	0	0	0	0	0	0	0	0	0	0	0	0	0	0	0	0
02:00:00	7200	0	0	0	0	0	0	0	0	0	0	0	0	0	0	0	0	0	0	0	0	0	0	0	0
02:05:00	7500	0	0	0	0	0	0	0	0	0	0	0	0	0	0	0	0	0	0	0	0	0	0	0	0
02:10:00	7800	0	0	0	0	0	0	0	0	0	0	0	0	0	0	0	0	0	0	0	0	0	0	0	0
02:15:00	8100	0	0	0	0	0	0	0	0	0	0	0	0	0	0	0	0	0	0	0	0	0	0	0	0
02:20:00	8400	0	0	0	0	0	0	0	0	0	0	0	0	0	0	0	0	0	0	0	0	0	0	0	0
02:25:00	8700	0	0	0	0	0	0	0	0	0	0	0	0	0	0	0	0	0	0	0	0	0	0	0	0
02:30:00	9000	0	0	0	0	0	0	0	0	0	0	0	0	0	0	0	0	0	0	0	0	0	0	0	0
02:35:00	9300	0	0	0	0	0	0	0	0	0	0	0	0	0	0	0	0	0	0	0	0	0	0	0	0
02:40:00	9600	0	0	0	0	0	0	0	0	0	0	0	0	0	0	0	0	0	0	0	0	0	0	0	0
02:45:00	9900	0	0	0	0	0	0	0	0	0	0	0	0	0	0	0	0	0	0	0	0	0	0	0	0
02:50:00	10200	0	0	0	0	0	0	0	0	0	0	0	0	0	0	0	0	0	0	0	0	0	0	0	0
02:55:00	10500	0	0	0	0	0	0	0	0	0	0	0	0	0	0	0	0	0	0	0	0	0	0	0	0
03:00:00	10800	0	0	0	0	0	0	0	0	0	0	0	0	0	0	0	0	0	0	0	0	0	0	0	0
03:05:00	11100	0	0	0	0	0	0	0	0	0	0	0	0	0	0	0	0	0	0	0	0	0	0	0	0
03:10:00	11400	0	0	0	0	0	0	0	0	0	0	0	0	0	0	0	0	0	0	0	0	0	0	0	0
03:15:00	11700	0	0	0	0	0	0	0	0	0	0	0	0	0	0	0	0	0	0	0	0	0	0	0	0
03:20:00	12000	0	0	0	0	0	0	0	0	0	0	0	0	0	0	0	0	0	0	0	0	0	0	0	0
03:25:00	12300	0	0	0	0	0	0	0	0	0	0	0	0	0	0	0	0	0	0	0	0	0	0	0	0
03:30:00	12600	0	0	0	0	0	0	0	0	0	0	0	0	0	0	0	0	0	0	0	0	0	0	0	0
03:35:00	12900	0	0	0	0	0	0	0	0	0	0	0	0	0	0	0	0	0	0	0	0	0	0	0	0
03:40:00	13200	0	0	0	0	0	0	0	0	0	0	0	0	0	0	0	0	0	0	0	0	0	0	0	0
03:45:00	13500	0	0	0	0	0	0	0	0	0	0	0	0	0	0	0	0	0	0	0	0	0	0	0	0
03:50:00	13800	0	0	0	0	0	0	0	0	0	0	0	0	0	0	0	0	0	0	0	0	0	0	0	0
03:55:00	14100	0	0	0	0	0	0	0	0	0	0	0	0	0	0	0	0	0	0	0	0	0	0	0	0
04:00:00	14400	0	0	0	0	0	0	0	0	0	0	0	0	0	0	0	0	0	0	0	0	0	0	0	0
04:05:00	14700	0	0	0	0	0	0	0	0	0	0	0	0	0	0	0	0	0	0	0	0	0	0	0	0
04:10:00	15000	0	0	0	0	0	0	0	0	0	0	0	0	0	0	0	0	0	0	0	0	0	0	0	0
04:15:00	15300	0	0	0	0	0	0	0	0	0	0	0	0	0	0	0	0	0	0	0	0	0	0	0	0
04:20:00	15600	0	0	0	0	0	0	0	0	0	0	0	0	0	0	0	0	0	0	0	0	0	0	0	0
04:25:00	15900	0	0	0	0	0	0	0	0	0	0	0	0	0	0	0	0	0	0	0	0	0	0	0	0
04:30:00	16200	0	0	0	0	0	0	0	0	0	0	0	0	0	0	0	0	0	0	0	0	0	0	0	0
04:35:00	16500	0	0	0	0	0	0	0	0	0	0	0	0	0	0	0	0	0	0	0	0	0	0	0	0
04:40:00	16800	0	0	0	0	0	0	0	0	0	0	0	0	0	0	0	0	0	0	0	0	0	0	0	0
04:45:00	17100	0	0	0	0	0	0	0	0	0	0	0	0	0	0	0	0	0	0	0	0	0	0	0	0
04:50:00	17400	0	0	0	0	0	0	0	0	0	0	0	0	0	0	0	0	0	0	0	0	0	0	0	0
04:55:00	17700	0	0	0	0	0	0	0	0	0	0	0	0	0	0	0	0	0	0	0	0	0	0	0	0
05:00:00	18000	0	0	0	0	0	0	0	0	0	0	0	0	0	0	0	0	0	0	0	0	0	0	0	0
05:05:00	18300	0	0	0	0	0	0	0	0	0	0	0	0	0	0	0	0	0	0	0	0	0	0	0	0
05:10:00	18600	0	0	0	0	0	0	0	0	0	0	0	0	0	0	0	0	0	0	0	0	0	0	0	0
05:15:00	18900	0	0	0	0	0	0	0	0	0	0	0	0	0	0	0	0	0	0	0	0	0	0	0	0
05:20:00	19200	0	0	0	0	0	0	0	0	0	0	0	0	0	0	0	0	0	0	0	0	0	0	0	0
05:25:00	19500	0	0	0	0	0	0	0	0	0	0	0	0	0	0	0	0	0	0	0	0	0	0	0	0
05:30:00	19800	0	0	0	0	0	0	0	0	0	0	0	0	0	0	0	0	0	0	0	0	0	0	0	0
05:35:00	20100	0	0	0	0	0	0	0	0	0	0	0	0	0	0	0	0	0	0	0	0	0	0	0	0
05:40:00	20400	0	0	0	0	0	0	0	0	0	0	0	0	0	0	0	0	0	0	0	0	0	0	0	0
05:45:00	20700	0	0	0	0	0	0	0	0	0	0	0	0	0	0	0	0	0	0	0	0	0	0	0	0
05:50:00	21000	0	0	0	0	0	0	0	0	0	0	0	0	0	0	0	0	0	0	0	0	0	0	0	0
05:55:00	21300	0	0	0	0	0	0	0	0	0	0	0	0	0	0	0	0	0	0	0	0	0	0	0	0
06:00:00	21600	0	0	0	0	0	0	0	0	0	0	0	0	0	0	0	0	0	0	0	0	0	0	0	0
06:05:00	21900	0	0	0	0	0	0	0	0	0	0	0	0	0	0	0	0	0	0	0	0	0	0	0	0
06:10:00	22200	0	0	0	0	0	0	0	0	0	0	0	0	0	0	0	0	0	0	0	0	0	0	0	0
06:15:00	22500	0	0	0	0	0	0	0	0	0	0	0	0	0	0	0	0	0	0	0	0	0	0	0	0
06:20:00	22800	0	0	0	0	0	0	0	0	0	0	0	0	0	0	0	0	0	0	0	0	0	0	0	0
06:25:00	23100	0	0	0	0	0	0	0	0	0	0	0	0	0	0	0	0	0	0	0	0	0	0	0	0
06:30:00	23400	0	0	0	0	0	0	0	0	0	0	0	0	0	0	0	0	0	0	0	0	0	0	0	0
06:35:00	23700	1	0	0	1	1	0	0	1	0	0	0	0	0	0	0	0	0	0	0	0	0	0	0	0
06:40:00	24000	1	0	0	2	1	0	0	2	0	0	0	0	0	0	0	0	0	0	0	0	0	0	0	0
06:45:00	24300	0	0	0	2	0	0	0	2	0	0	0	0	0	0	0	0	0	0	0	0	0	0	0	0
06:50:00	24600	0	1	0	1	0	1	0	1	0	0	0	0	0	0	0	0	0	0	0	0	0	0	0	0
06:55:00	24900	2	1	0	2	2	1	0	2	0	0	0	0	0	0	0	0	0	0	0	0	0	0	0	0
07:00:00	25200	0	0	0	2	0	0	0	2	0	0	0	0	0	0	0	0	0	0	0	0	0	0	0	0
07:05:00	25500	3	0	0	5	3	0	0	5	0	0	0	0	0	0	0	0	0	0	0	0	0	0	0	0
07:10:00	25800	4	2	0	7	4	2	0	7	0	0	0	0	0	0	0	0	0	0	0	0	0	0	0	0
07:15:00	26100	16	0	0	23	16	0	0	23	0	0	0	0	0	0	0	0	0	0	0	0	0	0	0	0
07:20:00	26400	25	0	0	48	25	0	0	48	0	0	0	0	0	0	0	0	0	0	0	0	0	0	0	0
07:25:00	26700	35	4	0	79	35	4	0	79	0	0	0	0	0	0	0	0	0	0	0	0	0	0	0	0
07:30:00	27000	55	14	0	120	55	14	0	120	0	0	0	0	0	0	0	0	0	0	0	0	0	0	0	0
07:35:00	27300	85	17	0	188	85	17	0	188	0	0	0	0	0	0	0	0	0	0	0	0	0	0	0	0
07:40:00	27600	86	30	0	244	86	30	0	244	0	0	0	0	0	0	0	0	0	0	0	0	0	0	0	0
07:45:00	27900	107	29	0	322	104	29	0	319	0	0	0	0	3	0	0	3	0	0	0	0	0	0	0	0
07:50:00	28200	162	43	0	441	161	43	0	437	0	0	0	0	1	0	0	4	0	0	0	0	0	0	0	0
07:55:00	28500	243	48	0	636	242	48	0	631	0	0	0	0	1	0	0	5	0	0	0	0	0	0	0	0
08:00:00	28800	271	75	0	832	269	72	0	828	0	0	0	0	1	3	0	3	0	0	0	0	1	0	0	1
08:05:00	29100	379	89	0	1122	377	87	0	1118	0	0	0	0	1	2	0	2	1	0	0	1	0	0	0	1
08:10:00	29400	376	136	0	1362	372	136	0	1354	0	0	0	0	0	0	0	2	3	0	0	4	1	0	0	2
08:15:00	29700	418	155	0	1625	408	152	0	1610	0	0	0	0	2	2	0	2	7	1	0	10	1	0	0	3
08:20:00	30000	394	137	0	1882	384	135	0	1859	0	0	0	0	1	1	0	2	7	0	0	17	2	1	0	4
08:25:00	30300	488	185	0	2185	470	182	0	2147	0	0	0	0	2	3	0	1	14	0	0	31	2	0	0	6
08:30:00	30600	395	175	0	2405	381	174	0	2354	1	0	0	1	0	0	0	1	11	1	0	41	2	0	0	8
08:35:00	30900	425	172	0	2658	416	172	0	2598	1	0	0	2	1	0	0	2	5	0	0	46	2	0	0	10
08:40:00	31200	441	233	0	2866	427	230	0	2795	0	0	0	2	4	1	0	5	10	1	0	55	0	1	0	9
08:45:00	31500	396	209	0	3053	387	203	0	2979	0	0	0	2	0	1	0	4	9	1	0	63	0	4	0	5
08:50:00	31800	405	244	0	3214	394	233	0	3140	0	1	0	1	1	2	0	3	10	5	0	68	0	3	0	2
08:55:00	32100	389	248	0	3355	382	240	0	3282	0	0	0	1	0	1	0	2	7	6	0	69	0	1	0	1
09:00:00	32400	332	257	0	3430	320	246	0	3356	0	0	0	1	0	2	0	0	12	9	0	72	0	0	0	1
09:05:00	32700	286	257	0	3459	274	251	0	3379	0	0	0	1	0	0	0	0	12	6	0	78	0	0	0	1
09:10:00	33000	295	270	0	3484	289	261	0	3407	0	0	0	1	0	0	0	0	6	9	0	75	0	0	0	1
09:15:00	33300	218	270	0	3432	208	261	0	3354	0	0	0	1	1	1	0	0	9	8	0	76	0	0	0	1
09:20:00	33600	242	244	0	3430	238	223	0	3369	1	0	0	2	1	1	0	0	2	19	0	59	0	1	0	0
09:25:00	33900	194	269	0	3355	186	265	0	3290	1	0	0	3	0	0	0	0	7	4	0	62	0	0	0	0
09:30:00	34200	167	246	0	3276	159	235	0	3214	2	0	0	5	0	0	0	0	6	11	0	57	0	0	0	0
09:35:00	34500	162	251	0	3187	153	249	0	3118	0	0	0	5	1	0	0	1	8	2	0	63	0	0	0	0
09:40:00	34800	152	258	0	3081	147	252	0	3013	0	0	0	5	2	1	0	2	3	5	0	61	0	0	0	0
09:45:00	35100	118	294	0	2905	112	281	0	2844	0	0	0	5	1	0	0	3	5	13	0	53	0	0	0	0
09:50:00	35400	100	227	0	2778	97	218	0	2723	0	0	0	5	0	1	0	2	3	8	0	48	0	0	0	0
09:55:00	35700	85	232	0	2631	81	222	0	2582	1	0	0	6	0	1	0	1	3	9	0	42	0	0	0	0
10:00:00	36000	90	250	0	2471	77	238	0	2421	1	0	0	7	1	0	0	2	11	12	0	41	0	0	0	0
10:05:00	36300	61	201	0	2331	58	189	0	2290	0	0	0	7	1	0	0	3	1	12	0	30	1	0	0	1
10:10:00	36600	70	229	0	2172	61	214	0	2137	0	0	0	7	0	1	0	2	7	13	0	24	2	1	0	2
10:15:00	36900	28	188	0	2012	27	182	0	1982	0	0	0	7	0	0	0	2	1	6	0	19	0	0	0	2
10:20:00	37200	48	224	0	1836	38	205	0	1815	0	3	0	4	1	0	0	3	9	16	0	12	0	0	0	2
10:25:00	37500	34	205	0	1665	32	202	0	1645	0	0	0	4	0	0	0	3	2	3	0	11	0	0	0	2
10:30:00	37800	35	152	0	1548	32	150	0	1527	0	0	0	4	1	0	0	4	2	2	0	11	0	0	0	2
10:35:00	38100	42	137	0	1453	38	132	0	1433	0	0	0	4	1	2	0	3	3	3	0	11	0	0	0	2
10:40:00	38400	37	171	0	1319	32	164	0	1301	0	0	0	4	0	1	0	2	4	5	0	10	1	1	0	2
10:45:00	38700	31	141	0	1209	27	136	0	1192	0	1	0	3	1	0	0	3	3	4	0	9	0	0	0	2
10:50:00	39000	35	129	0	1115	34	127	0	1099	0	0	0	3	0	1	0	2	1	1	0	9	0	0	0	2
10:55:00	39300	37	107	0	1045	33	101	0	1031	0	0	0	3	2	0	0	4	2	4	0	7	0	2	0	0
11:00:00	39600	49	135	0	959	42	131	0	942	0	0	0	3	2	1	0	5	5	3	0	9	0	0	0	0
11:05:00	39900	33	119	0	873	30	111	0	861	0	0	0	3	3	6	0	2	0	1	0	8	0	1	0	-1
11:10:00	40200	35	100	0	808	33	97	0	797	0	0	0	3	0	1	0	1	2	1	0	9	0	1	0	-2
11:15:00	40500	48	90	0	766	43	82	0	758	0	0	0	3	0	0	0	1	5	8	0	6	0	0	0	-2
11:20:00	40800	70	78	0	758	60	77	0	741	0	0	0	3	3	0	0	4	5	1	0	10	2	0	0	0
11:25:00	41100	29	67	0	720	23	63	0	701	0	0	0	3	1	2	0	3	5	2	0	13	0	0	0	0
11:30:00	41400	33	74	0	679	30	73	0	658	0	0	0	3	2	0	0	5	1	1	0	13	0	0	0	0
11:35:00	41700	37	65	0	651	32	62	0	628	0	0	0	3	1	2	0	4	4	1	0	16	0	0	0	0
11:40:00	42000	33	73	0	611	31	71	0	588	0	0	0	3	0	1	0	3	1	1	0	16	1	0	0	1
11:45:00	42300	62	63	0	610	58	60	0	586	0	0	0	3	2	2	0	3	1	1	0	16	1	0	0	2
11:50:00	42600	46	72	0	584	42	66	0	562	0	0	0	3	0	0	0	3	3	6	0	13	1	0	0	3
11:55:00	42900	47	51	0	580	41	46	0	557	0	0	0	3	1	2	0	2	4	3	0	14	1	0	0	4
12:00:00	43200	36	62	0	554	30	58	0	529	0	0	0	3	1	2	0	1	2	2	0	14	3	0	0	7
12:05:00	43500	47	55	0	546	41	51	0	519	0	0	0	3	2	1	0	2	3	2	0	15	1	1	0	7
12:10:00	43800	53	38	0	561	44	33	0	530	0	0	0	3	2	1	0	3	5	3	0	17	2	1	0	8
12:15:00	44100	50	49	0	562	43	43	0	530	0	0	0	3	5	1	0	7	2	4	0	15	0	1	0	7
12:20:00	44400	65	58	0	569	55	47	0	538	0	0	0	3	1	3	0	5	7	4	0	18	2	4	0	5
12:25:00	44700	55	39	0	585	45	33	0	550	0	0	0	3	2	3	0	4	7	3	0	22	1	0	0	6
12:30:00	45000	47	60	0	572	38	59	0	529	0	0	0	3	4	0	0	8	3	1	0	24	2	0	0	8
12:35:00	45300	57	41	0	588	46	32	0	543	0	0	0	3	3	4	0	7	7	4	0	27	1	1	0	8
12:40:00	45600	54	50	0	592	48	46	0	545	0	0	0	3	2	0	0	9	3	3	0	27	1	1	0	8
12:45:00	45900	66	51	0	607	49	40	0	554	0	0	0	3	4	4	0	9	12	3	0	36	1	4	0	5
12:50:00	46200	69	58	0	618	60	52	0	562	0	0	0	3	5	4	0	10	3	0	0	39	1	2	0	4
12:55:00	46500	52	71	0	599	45	64	0	543	0	0	0	3	0	2	0	8	6	4	0	41	1	1	0	4
13:00:00	46800	66	61	0	604	51	49	0	545	0	0	0	3	4	3	0	9	10	8	0	43	1	1	0	4
13:05:00	47100	58	61	0	601	47	54	0	538	0	0	0	3	1	3	0	7	8	4	0	47	2	0	0	6
13:10:00	47400	70	60	0	611	64	55	0	547	0	0	0	3	1	2	0	6	5	2	0	50	0	1	0	5
13:15:00	47700	86	52	0	645	70	45	0	572	0	0	0	3	4	1	0	9	9	6	0	53	3	0	0	8
13:20:00	48000	44	65	0	624	27	53	0	546	0	0	0	3	3	1	0	11	12	10	0	55	2	1	0	9
13:25:00	48300	70	81	0	613	58	67	0	537	0	0	0	3	4	5	0	10	7	9	0	53	1	0	0	10
13:30:00	48600	74	48	0	639	50	39	0	548	0	0	0	3	3	4	0	9	17	4	0	66	4	1	0	13
13:35:00	48900	73	61	0	651	54	44	0	558	0	0	0	3	6	4	0	11	10	12	0	64	3	1	0	15
13:40:00	49200	80	52	0	679	60	45	0	573	0	0	0	3	5	4	0	12	13	3	0	74	2	0	0	17
13:45:00	49500	53	58	0	674	33	48	0	558	0	0	0	3	2	5	0	9	13	5	0	82	5	0	0	22
13:50:00	49800	95	65	0	704	72	53	0	577	0	0	0	3	2	5	0	6	13	7	0	88	8	0	0	30
13:55:00	50100	74	78	0	700	54	67	0	564	0	0	0	3	7	3	0	10	8	8	0	88	5	0	0	35
14:00:00	50400	65	65	0	700	38	51	0	551	0	0	0	3	6	3	0	13	14	10	0	92	7	1	0	41
14:05:00	50700	96	68	0	728	74	52	0	573	0	0	0	3	3	1	0	15	13	9	0	96	6	6	0	41
14:10:00	51000	78	72	0	734	57	53	0	577	0	0	0	3	2	4	0	13	15	12	0	99	4	3	0	42
14:15:00	51300	91	73	0	752	66	57	0	586	1	0	0	4	2	0	0	15	16	8	0	107	6	8	0	40
14:20:00	51600	73	90	0	735	54	61	0	579	0	0	0	4	5	3	0	17	8	19	0	96	6	7	0	39
14:25:00	51900	73	88	0	720	42	64	0	557	0	0	0	4	7	5	0	19	19	13	0	102	5	6	0	38
14:30:00	52200	97	73	0	744	66	52	0	571	0	0	0	4	4	3	0	20	20	12	0	110	7	6	0	39
14:35:00	52500	74	73	0	745	51	57	0	565	0	0	0	4	4	2	0	22	15	9	0	116	4	5	0	38
14:40:00	52800	106	89	0	762	80	62	0	583	0	0	0	4	2	7	0	17	20	13	0	123	4	7	0	35
14:45:00	53100	93	97	0	758	56	70	0	569	0	0	0	4	6	8	0	15	29	13	0	139	2	6	0	31
14:50:00	53400	109	73	0	794	70	49	0	590	0	0	0	4	5	2	0	18	31	17	0	153	3	5	0	29
14:55:00	53700	86	72	0	808	59	47	0	602	0	0	0	4	3	3	0	18	24	15	0	162	0	7	0	22
15:00:00	54000	100	84	0	824	63	59	0	606	0	0	0	4	5	5	0	18	28	15	0	175	4	5	0	21
15:05:00	54300	87	66	0	845	56	40	0	622	0	0	0	4	4	8	0	14	23	17	0	181	4	1	0	24
15:10:00	54600	68	73	0	840	42	51	0	613	0	0	0	4	2	6	0	10	21	14	0	188	3	2	0	25
15:15:00	54900	84	87	0	837	61	64	0	610	0	0	0	4	8	3	0	15	13	16	0	185	2	4	0	23
15:20:00	55200	78	99	0	816	50	67	0	593	0	0	0	4	10	4	0	21	14	25	0	174	4	3	0	24
15:25:00	55500	79	83	0	812	46	64	0	575	0	0	0	4	6	3	0	24	17	15	0	176	10	1	0	33
15:30:00	55800	81	76	0	817	35	51	0	559	0	0	0	4	5	6	0	23	32	19	0	189	9	0	0	42
15:35:00	56100	85	80	0	822	44	50	0	553	0	0	0	4	7	8	0	22	30	21	0	198	4	1	0	45
15:40:00	56400	96	84	0	834	56	50	0	559	0	0	0	4	7	5	0	24	28	28	0	198	5	1	0	49
15:45:00	56700	99	89	0	844	50	56	0	553	0	0	0	4	6	8	0	22	31	25	0	204	12	0	0	61
15:50:00	57000	108	77	0	875	51	49	0	555	0	0	0	4	14	5	0	31	34	23	0	215	9	0	0	70
15:55:00	57300	90	71	0	894	44	50	0	549	0	0	0	4	8	8	0	31	25	13	0	227	13	0	0	83
16:00:00	57600	108	77	0	925	43	50	0	542	0	0	0	4	19	6	0	44	32	21	0	238	14	0	0	97
16:05:00	57900	86	101	0	910	41	53	0	530	0	0	0	4	9	11	0	42	23	29	0	232	13	8	0	102
16:10:00	58200	117	102	0	925	57	51	0	536	0	0	0	4	12	12	0	42	36	24	0	244	12	15	0	99
16:15:00	58500	101	104	0	922	50	59	0	527	0	0	0	4	9	13	0	38	36	23	0	257	6	9	0	96
16:20:00	58800	112	88	0	946	55	53	0	529	0	0	0	4	14	4	0	48	33	19	0	271	10	12	0	94
16:25:00	59100	122	113	0	955	51	65	0	515	0	0	0	4	13	14	0	47	50	23	0	298	8	11	0	91
16:30:00	59400	117	110	0	962	55	51	0	519	0	0	0	4	16	12	0	51	36	31	0	303	10	16	0	85
16:35:00	59700	107	92	0	977	64	52	0	531	0	0	0	4	5	13	0	43	32	19	0	316	6	8	0	83
16:40:00	60000	121	122	0	976	59	47	0	543	0	0	0	4	17	14	0	46	40	53	0	303	5	8	0	80
16:45:00	60300	116	118	0	974	66	58	0	551	0	0	0	4	9	17	0	38	39	31	0	311	2	12	0	70
16:50:00	60600	165	106	0	1033	109	48	0	612	0	0	0	4	11	10	0	39	39	31	0	319	6	17	0	59
16:55:00	60900	162	117	0	1078	106	63	0	655	0	0	0	4	15	17	0	37	37	32	0	324	4	5	0	58
17:00:00	61200	142	120	0	1100	91	62	0	684	0	0	0	4	11	10	0	38	36	42	0	318	4	6	0	56
17:05:00	61500	154	108	0	1146	117	61	0	740	0	0	0	4	13	6	0	45	24	34	0	308	0	7	0	49
17:10:00	61800	220	118	0	1248	171	64	0	847	0	0	0	4	13	12	0	46	31	35	0	304	5	7	0	47
17:15:00	62100	140	143	0	1245	94	90	0	851	0	0	0	4	11	13	0	44	27	37	0	294	8	3	0	52
17:20:00	62400	199	122	0	1322	158	81	0	928	0	0	0	4	15	10	0	49	22	28	0	288	4	3	0	53
17:25:00	62700	255	137	0	1440	194	89	0	1033	0	0	0	4	17	8	0	58	41	38	0	291	3	2	0	54
17:30:00	63000	196	134	0	1502	155	78	0	1110	0	0	0	4	12	16	0	54	22	38	0	275	7	2	0	59
17:35:00	63300	264	149	0	1617	186	94	0	1202	0	0	0	4	22	15	0	61	43	40	0	278	13	0	0	72
17:40:00	63600	237	168	0	1686	185	121	0	1266	0	0	0	4	19	13	0	67	25	33	0	270	8	1	0	79
17:45:00	63900	275	156	0	1805	220	98	0	1388	0	0	0	4	15	17	0	65	30	41	0	259	10	0	0	89
17:50:00	64200	301	154	0	1952	239	114	0	1513	0	0	0	4	15	20	0	60	35	20	0	274	12	0	0	101
17:55:00	64500	319	205	0	2066	243	155	0	1601	0	0	0	4	22	13	0	69	42	37	0	279	12	0	0	113
18:00:00	64800	263	183	0	2146	204	141	0	1664	0	0	0	4	9	12	0	66	34	27	0	286	16	3	0	126
18:05:00	65100	340	229	0	2257	273	162	0	1775	0	0	0	4	13	17	0	62	43	34	0	295	11	16	0	121
18:10:00	65400	292	212	0	2337	230	142	0	1863	0	0	0	4	16	15	0	63	35	36	0	294	11	19	0	113
18:15:00	65700	296	210	0	2423	238	164	0	1937	0	0	0	4	12	8	0	67	40	30	0	304	6	8	0	111
18:20:00	66000	385	239	0	2569	314	180	0	2071	1	0	0	5	12	17	0	62	42	30	0	316	16	12	0	115
18:25:00	66300	308	258	0	2619	239	193	0	2117	0	0	0	5	13	18	0	57	43	36	0	323	13	11	0	117
18:30:00	66600	327	269	0	2677	251	208	0	2160	1	0	0	6	16	10	0	63	49	40	0	332	10	11	0	116
18:35:00	66900	322	261	0	2738	245	181	0	2224	0	0	0	6	19	14	0	68	45	49	0	328	13	17	0	112
18:40:00	67200	308	289	0	2757	241	230	0	2235	0	0	0	6	16	9	0	75	44	38	0	334	7	12	0	107
18:45:00	67500	329	277	0	2809	266	207	0	2294	1	0	0	7	14	20	0	69	44	39	0	339	4	11	0	100
18:50:00	67800	376	272	0	2913	284	211	0	2367	0	0	0	7	12	17	0	64	73	33	0	379	7	11	0	96
18:55:00	68100	278	271	0	2920	208	202	0	2373	0	0	0	7	18	17	0	65	49	43	0	385	3	9	0	90
19:00:00	68400	281	323	0	2878	230	260	0	2343	0	0	0	7	7	13	0	59	40	39	0	386	4	11	0	83
19:05:00	68700	278	305	0	2851	207	245	0	2305	0	0	0	7	13	9	0	63	54	39	0	401	4	12	0	75
19:10:00	69000	313	340	0	2824	242	272	0	2275	0	1	0	6	10	10	0	63	59	53	0	407	2	4	0	73
19:15:00	69300	369	297	0	2896	302	254	0	2323	0	0	0	6	7	10	0	60	53	29	0	431	7	4	0	76
19:20:00	69600	239	302	0	2833	178	245	0	2256	0	0	0	6	9	11	0	58	46	43	0	434	6	3	0	79
19:25:00	69900	253	299	0	2787	170	247	0	2179	0	0	0	6	13	13	0	58	62	38	0	458	8	1	0	86
19:30:00	70200	243	308	0	2722	162	243	0	2098	0	0	0	6	18	17	0	59	54	46	0	466	9	2	0	93
19:35:00	70500	298	332	0	2688	212	261	0	2049	0	0	0	6	17	8	0	68	58	59	0	465	11	4	0	100
19:40:00	70800	327	292	0	2723	256	224	0	2081	0	0	0	6	12	13	0	67	49	54	0	460	10	1	0	109
19:45:00	71100	294	319	0	2698	215	249	0	2047	0	0	0	6	20	15	0	72	43	54	0	449	16	1	0	124
19:50:00	71400	223	296	0	2625	144	230	0	1961	0	0	0	6	17	12	0	77	53	52	0	450	9	2	0	131
19:55:00	71700	240	284	0	2581	143	228	0	1876	0	0	0	6	14	10	0	81	67	45	0	472	16	1	0	146
20:00:00	72000	221	284	0	2518	144	227	0	1793	0	0	0	6	14	12	0	83	53	44	0	481	10	1	0	155
20:05:00	72300	267	304	0	2481	184	215	0	1762	0	0	0	6	19	18	0	84	55	61	0	475	9	10	0	154
20:10:00	72600	267	266	0	2482	184	181	0	1765	0	0	0	6	10	23	0	71	63	44	0	494	10	18	0	146
20:15:00	72900	191	273	0	2400	120	181	0	1704	0	1	0	5	13	15	0	69	52	60	0	486	6	16	0	136
20:20:00	73200	177	280	0	2297	105	198	0	1611	0	0	0	5	8	11	0	66	49	55	0	480	15	16	0	135
20:25:00	73500	170	260	0	2207	100	186	0	1525	1	0	0	6	14	7	0	73	45	58	0	467	10	9	0	136
20:30:00	73800	173	255	0	2125	102	178	0	1449	0	0	0	6	18	16	0	75	48	47	0	468	5	14	0	127
20:35:00	74100	210	272	0	2063	150	186	0	1413	0	0	0	6	15	13	0	77	42	58	0	452	3	15	0	115
20:40:00	74400	172	228	0	2007	106	143	0	1376	0	0	0	6	11	10	0	78	52	50	0	454	3	25	0	93
20:45:00	74700	111	247	0	1871	55	177	0	1254	0	0	0	6	9	13	0	74	44	50	0	448	3	7	0	89
20:50:00	75000	116	208	0	1779	64	133	0	1185	0	0	0	6	11	15	0	70	39	48	0	439	2	12	0	79
20:55:00	75300	152	220	0	1711	88	143	0	1130	0	0	0	6	18	10	0	78	45	57	0	427	1	10	0	70
21:00:00	75600	162	195	0	1678	106	130	0	1106	0	0	0	6	14	17	0	75	36	43	0	420	6	5	0	71
21:05:00	75900	171	174	0	1675	115	113	0	1108	1	0	0	7	11	14	0	72	41	45	0	416	3	2	0	72
21:10:00	76200	131	177	0	1629	64	108	0	1064	0	0	0	7	13	12	0	73	50	53	0	413	4	4	0	72
21:15:00	76500	128	182	0	1575	72	116	0	1020	0	0	0	7	9	11	0	71	46	55	0	404	1	0	0	73
21:20:00	76800	115	194	0	1496	57	130	0	947	0	0	0	7	15	16	0	70	36	43	0	397	7	5	0	75
21:25:00	77100	117	167	0	1446	61	106	0	902	0	1	0	6	11	13	0	68	41	44	0	394	4	3	0	76
21:30:00	77400	134	165	0	1415	90	108	0	884	0	0	0	6	7	6	0	69	30	50	0	374	7	1	0	82
21:35:00	77700	115	150	0	1380	60	104	0	840	0	0	0	6	10	12	0	67	40	33	0	381	5	1	0	86
21:40:00	78000	110	153	0	1337	44	89	0	795	0	0	0	6	16	15	0	68	46	45	0	382	4	4	0	86
21:45:00	78300	107	164	0	1280	43	91	0	747	0	0	0	6	13	18	0	63	43	48	0	377	8	7	0	87
21:50:00	78600	98	138	0	1240	41	82	0	706	0	0	0	6	9	6	0	66	38	47	0	368	10	3	0	94
21:55:00	78900	106	153	0	1193	50	93	0	663	1	0	0	7	13	10	0	69	38	49	0	357	4	1	0	97
22:00:00	79200	89	126	0	1156	50	65	0	648	0	0	0	7	8	17	0	60	27	42	0	342	4	2	0	99
22:05:00	79500	79	118	0	1117	24	70	0	602	0	0	0	7	9	12	0	57	39	31	0	350	7	5	0	101
22:10:00	79800	83	124	0	1076	26	61	0	567	0	0	0	7	10	12	0	55	35	38	0	347	12	13	0	100
22:15:00	80100	80	113	0	1043	33	64	0	536	0	0	0	7	6	12	0	49	34	32	0	349	7	5	0	102
22:20:00	80400	66	124	0	985	23	59	0	500	0	1	0	6	9	15	0	43	29	35	0	343	5	14	0	93
22:25:00	80700	77	120	0	942	39	64	0	475	0	0	0	6	4	10	0	37	28	36	0	335	6	10	0	89
22:30:00	81000	70	99	0	913	17	48	0	444	0	0	0	6	13	12	0	38	37	33	0	339	3	6	0	86
22:35:00	81300	72	76	0	909	21	45	0	420	0	0	0	6	5	3	0	40	44	25	0	358	2	3	0	85
22:40:00	81600	70	115	0	864	12	51	0	381	0	0	0	6	11	13	0	38	40	42	0	356	7	9	0	83
22:45:00	81900	72	107	0	829	13	45	0	349	0	0	0	6	10	6	0	42	47	47	0	356	2	9	0	76
22:50:00	82200	71	88	0	812	18	34	0	333	0	0	0	6	5	8	0	39	47	33	0	370	1	13	0	64
22:55:00	82500	54	86	0	780	20	33	0	320	0	0	0	6	3	5	0	37	28	45	0	353	3	3	0	64
23:00:00	82800	39	90	0	729	6	34	0	292	0	0	0	6	7	9	0	35	22	41	0	334	4	6	0	62
23:05:00	83100	45	64	0	710	4	28	0	268	0	0	0	6	8	4	0	39	31	30	0	335	2	2	0	62
23:10:00	83400	45	85	0	670	11	28	0	251	0	0	0	6	6	10	0	35	28	42	0	321	0	5	0	57
23:15:00	83700	53	81	0	642	10	28	0	233	0	0	0	6	10	10	0	35	30	41	0	310	3	2	0	58
23:20:00	84000	47	69	0	620	14	26	0	221	0	0	0	6	6	5	0	36	24	37	0	297	3	1	0	60
23:25:00	84300	43	81	0	582	7	27	0	201	0	0	0	6	9	9	0	36	26	39	0	284	1	6	0	55
23:30:00	84600	46	66	0	562	8	23	0	186	0	0	0	6	5	9	0	32	31	32	0	283	2	2	0	55
23:35:00	84900	31	61	0	532	4	17	0	173	0	0	0	6	6	6	0	32	15	34	0	264	6	4	0	57
23:40:00	85200	60	65	0	527	14	21	0	166	0	0	0	6	6	8	0	30	35	34	0	265	5	2	0	60
23:45:00	85500	39	70	0	496	5	24	0	147	0	0	0	6	11	5	0	36	19	35	0	249	4	6	0	58
23:50:00	85800	36	60	0	472	4	19	0	132	0	0	0	6	8	2	0	42	19	36	0	232	5	3	0	60
23:55:00	86100	39	49	0	462	3	10	0	125	0	0	0	6	14	10	0	46	18	26	0	224	4	3	0	61
24:00:00	86400	718	63	0	1117	43	9	0	159	0	0	0	6	74	12	0	108	600	36	0	788	1	6	0	56
24:05:00	86700	33	48	0	1102	0	12	0	147	0	0	0	6	21	9	0	120	12	27	0	773	0	0	0	56
24:10:00	87000	37	77	0	1062	0	13	0	134	0	0	0	6	23	18	0	125	13	42	0	744	1	4	0	53
24:15:00	87300	16	87	0	991	0	17	0	117	0	0	0	6	12	16	0	121	4	47	0	701	0	7	0	46
24:20:00	87600	21	89	0	923	0	12	0	105	0	0	0	6	17	18	0	120	4	51	0	654	0	8	0	38
24:25:00	87900	14	131	0	806	0	19	0	86	0	0	0	6	13	22	0	111	1	85	0	570	0	5	0	33
24:30:00	88200	13	100	0	719	0	17	0	69	0	0	0	6	11	25	0	97	2	54	0	518	0	4	0	29
24:35:00	88500	10	123	0	606	1	10	0	60	0	0	0	6	9	24	0	82	0	83	0	435	0	6	0	23
24:40:00	88800	12	79	0	539	0	3	0	57	0	0	0	6	9	17	0	74	3	58	0	380	0	1	0	22
24:45:00	89100	5	88	0	456	1	9	0	49	0	0	0	6	3	20	0	57	1	57	0	324	0	2	0	20
24:50:00	89400	6	66	0	396	0	2	0	47	0	0	0	6	4	15	0	46	2	46	0	280	0	3	0	17
24:55:00	89700	6	62	0	340	0	4	0	43	0	0	0	6	3	16	0	33	3	41	0	242	0	1	0	16
25:00:00	90000	3	65	0	278	0	6	0	37	0	0	0	6	2	14	0	21	1	43	0	200	0	2	0	14
25:05:00	90300	3	53	0	228	0	3	0	34	0	0	0	6	1	8	0	14	2	42	0	160	0	0	0	14
25:10:00	90600	7	51	0	184	0	2	0	32	0	0	0	6	2	6	0	10	5	43	0	122	0	0	0	14
25:15:00	90900	5	45	0	144	0	2	0	30	0	0	0	6	3	3	0	10	2	39	0	85	0	1	0	13
25:20:00	91200	4	25	0	123	0	2	0	28	0	0	0	6	2	2	0	10	2	21	0	66	0	0	0	13
25:25:00	91500	1	22	0	102	0	3	0	25	0	0	0	6	1	1	0	10	0	18	0	48	0	0	0	13
25:30:00	91800	1	16	0	87	0	1	0	24	0	0	0	6	1	2	0	9	0	13	0	35	0	0	0	13
25:35:00	92100	0	23	0	64	0	3	0	21	0	0	0	6	0	2	0	7	0	18	0	17	0	0	0	13
25:40:00	92400	2	14	0	52	0	0	0	21	0	0	0	6	1	3	0	5	1	11	0	7	0	0	0	13
25:45:00	92700	0	7	0	45	0	0	0	21	0	0	0	6	0	1	0	4	0	6	0	1	0	0	0	13
25:50:00	93000	2	7	0	40	0	1	0	20	0	0	0	6	2	2	0	4	0	4	0	-3	0	0	0	13
25:55:00	93300	0	5	0	35	0	1	0	19	0	0	0	6	0	1	0	3	0	3	0	-6	0	0	0	13
26:00:00	93600	1	6	0	30	0	2	0	17	0	0	0	6	0	2	0	1	1	2	0	-7	0	0	0	13
26:05:00	93900	0	2	0	28	0	1	0	16	0	0	0	6	0	0	0	1	0	1	0	-8	0	0	0	13
26:10:00	94200	0	3	0	25	0	0	0	16	0	0	0	6	0	0	0	1	0	3	0	-11	0	0	0	13
26:15:00	94500	0	1	0	24	0	0	0	16	0	0	0	6	0	0	0	1	0	1	0	-12	0	0	0	13
26:20:00	94800	0	1	0	23	0	0	0	16	0	0	0	6	0	0	0	1	0	1	0	-13	0	0	0	13
26:25:00	95100	0	3	0	20	0	2	0	14	0	0	0	6	0	0	0	1	0	1	0	-14	0	0	0	13
26:30:00	95400	2	1	0	21	0	0	0	14	0	0	0	6	2	0	0	3	0	1	0	-15	0	0	0	13
26:35:00	95700	1	2	0	20	0	0	0	14	0	0	0	6	1	0	0	4	0	2	0	-17	0	0	0	13
26:40:00	96000	1	0	0	21	1	0	0	15	0	0	0	6	0	0	0	4	0	0	0	-17	0	0	0	13
26:45:00	96300	1	2	0	20	0	0	0	15	0	0	0	6	1	1	0	4	0	1	0	-18	0	0	0	13
26:50:00	96600	0	2	0	18	0	0	0	15	0	0	0	6	0	2	0	2	0	0	0	-18	0	0	0	13
26:55:00	96900	0	0	0	18	0	0	0	15	0	0	0	6	0	0	0	2	0	0	0	-18	0	0	0	13
27:00:00	97200	0	1	0	17	0	1	0	14	0	0	0	6	0	0	0	2	0	0	0	-18	0	0	0	13
27:05:00	97500	0	0	0	17	0	0	0	14	0	0	0	6	0	0	0	2	0	0	0	-18	0	0	0	13
27:10:00	97800	0	0	0	17	0	0	0	14	0	0	0	6	0	0	0	2	0	0	0	-18	0	0	0	13
27:15:00	98100	0	0	0	17	0	0	0	14	0	0	0	6	0	0	0	2	0	0	0	-18	0	0	0	13
27:20:00	98400	0	2	0	15	0	0	0	14	0	0	0	6	0	1	0	1	0	1	0	-19	0	0	0	13
27:25:00	98700	0	1	0	14	0	1	0	13	0	0	0	6	0	0	0	1	0	0	0	-19	0	0	0	13
27:30:00	99000	0	1	0	13	0	0	0	13	0	0	0	6	0	1	0	0	0	0	0	-19	0	0	0	13
27:35:00	99300	0	0	0	13	0	0	0	13	0	0	0	6	0	0	0	0	0	0	0	-19	0	0	0	13
27:40:00	99600	0	0	0	13	0	0	0	13	0	0	0	6	0	0	0	0	0	0	0	-19	0	0	0	13
27:45:00	99900	2	2	0	13	0	2	0	11	0	0	0	6	2	0	0	2	0	0	0	-19	0	0	0	13
27:50:00	100200	1	0	0	14	0	0	0	11	0	0	0	6	1	0	0	3	0	0	0	-19	0	0	0	13
27:55:00	100500	2	0	0	16	1	0	0	12	0	0	0	6	1	0	0	4	0	0	0	-19	0	0	0	13
28:00:00	100800	0	0	0	16	0	0	0	12	0	0	0	6	0	0	0	4	0	0	0	-19	0	0	0	13
28:05:00	101100	0	0	0	16	0	0	0	12	0	0	0	6	0	0	0	4	0	0	0	-19	0	0	0	13
28:10:00	101400	0	1	0	15	0	0	0	12	0	0	0	6	0	1	0	3	0	0	0	-19	0	0	0	13
28:15:00	101700	1	1	0	15	1	0	0	13	0	0	0	6	0	1	0	2	0	0	0	-19	0	0	0	13
28:20:00	102000	0	0	0	15	0	0	0	13	0	0	0	6	0	0	0	2	0	0	0	-19	0	0	0	13
28:25:00	102300	0	0	0	15	0	0	0	13	0	0	0	6	0	0	0	2	0	0	0	-19	0	0	0	13
28:30:00	102600	0	0	0	15	0	0	0	13	0	0	0	6	0	0	0	2	0	0	0	-19	0	0	0	13
28:35:00	102900	0	2	0	13	0	1	0	12	0	0	0	6	0	1	0	1	0	0	0	-19	0	0	0	13
28:40:00	103200	1	0	0	14	0	0	0	12	0	0	0	6	1	0	0	2	0	0	0	-19	0	0	0	13
28:45:00	103500	0	0	0	14	0	0	0	12	0	0	0	6	0	0	0	2	0	0	0	-19	0	0	0	13
28:50:00	103800	0	2	0	12	0	2	0	10	0	0	0	6	0	0	0	2	0	0	0	-19	0	0	0	13
28:55:00	104100	0	1	0	11	0	1	0	9	0	0	0	6	0	0	0	2	0	0	0	-19	0	0	0	13
29:00:00	104400	0	1	0	10	0	0	0	9	0	0	0	6	0	1	0	1	0	0	0	-19	0	0	0	13
29:05:00	104700	0	1	0	9	0	0	0	9	0	0	0	6	0	1	0	0	0	0	0	-19	0	0	0	13
29:10:00	105000	0	0	0	9	0	0	0	9	0	0	0	6	0	0	0	0	0	0	0	-19	0	0	0	13
29:15:00	105300	0	0	0	9	0	0	0	9	0	0	0	6	0	0	0	0	0	0	0	-19	0	0	0	13
29:20:00	105600	0	0	0	9	0	0	0	9	0	0	0	6	0	0	0	0	0	0	0	-19	0	0	0	13
29:25:00	105900	1	0	0	10	0	0	0	9	0	0	0	6	0	0	0	0	1	0	0	-18	0	0	0	13
29:30:00	106200	0	0	0	10	0	0	0	9	0	0	0	6	0	0	0	0	0	0	0	-18	0	0	0	13
29:35:00	106500	3	0	0	13	2	0	0	11	0	0	0	6	1	0	0	1	0	0	0	-18	0	0	0	13
29:40:00	106800	1	0	0	14	1	0	0	12	0	0	0	6	0	0	0	1	0	0	0	-18	0	0	0	13
29:45:00	107100	2	2	0	14	2	1	0	13	0	0	0	6	0	1	0	0	0	0	0	-18	0	0	0	13
29:50:00	107400	1	1	0	14	1	1	0	13	0	0	0	6	0	0	0	0	0	0	0	-18	0	0	0	13
29:55:00	107700	2	2	0	14	2	2	0	13	0	0	0	6	0	0	0	0	0	0	0	-18	0	0	0	13
30:00:00	108000	0	0	0	14	0	0	0	13	0	0	0	6	0	0	0	0	0	0	0	-18	0	0	0	13
30:05:00	108300	0	0	0	14	0	0	0	13	0	0	0	6	0	0	0	0	0	0	0	-18	0	0	0	13
