time	time	departures_all	arrivals_all	stuck_all	en-route_all	departures_car	arrivals_car	stuck_car	en-route_car	departures_drive_transit	arrivals_drive_transit	stuck_drive_transit	en-route_drive_transit	departures_ride_hail	arrivals_ride_hail	stuck_ride_hail	en-route_ride_hail	departures_walk	arrivals_walk	stuck_walk	en-route_walk	departures_walk_transit	arrivals_walk_transit	stuck_walk_transit	en-route_walk_transit
00:00:00	0	0	0	0	0	0	0	0	0	0	0	0	0	0	0	0	0	0	0	0	0	0	0	0	0
00:05:00	300	0	0	0	0	0	0	0	0	0	0	0	0	0	0	0	0	0	0	0	0	0	0	0	0
00:10:00	600	0	0	0	0	0	0	0	0	0	0	0	0	0	0	0	0	0	0	0	0	0	0	0	0
00:15:00	900	0	0	0	0	0	0	0	0	0	0	0	0	0	0	0	0	0	0	0	0	0	0	0	0
00:20:00	1200	0	0	0	0	0	0	0	0	0	0	0	0	0	0	0	0	0	0	0	0	0	0	0	0
00:25:00	1500	0	0	0	0	0	0	0	0	0	0	0	0	0	0	0	0	0	0	0	0	0	0	0	0
00:30:00	1800	0	0	0	0	0	0	0	0	0	0	0	0	0	0	0	0	0	0	0	0	0	0	0	0
00:35:00	2100	0	0	0	0	0	0	0	0	0	0	0	0	0	0	0	0	0	0	0	0	0	0	0	0
00:40:00	2400	0	0	0	0	0	0	0	0	0	0	0	0	0	0	0	0	0	0	0	0	0	0	0	0
00:45:00	2700	0	0	0	0	0	0	0	0	0	0	0	0	0	0	0	0	0	0	0	0	0	0	0	0
00:50:00	3000	0	0	0	0	0	0	0	0	0	0	0	0	0	0	0	0	0	0	0	0	0	0	0	0
00:55:00	3300	0	0	0	0	0	0	0	0	0	0	0	0	0	0	0	0	0	0	0	0	0	0	0	0
01:00:00	3600	0	0	0	0	0	0	0	0	0	0	0	0	0	0	0	0	0	0	0	0	0	0	0	0
01:05:00	3900	0	0	0	0	0	0	0	0	0	0	0	0	0	0	0	0	0	0	0	0	0	0	0	0
01:10:00	4200	0	0	0	0	0	0	0	0	0	0	0	0	0	0	0	0	0	0	0	0	0	0	0	0
01:15:00	4500	0	0	0	0	0	0	0	0	0	0	0	0	0	0	0	0	0	0	0	0	0	0	0	0
01:20:00	4800	0	0	0	0	0	0	0	0	0	0	0	0	0	0	0	0	0	0	0	0	0	0	0	0
01:25:00	5100	0	0	0	0	0	0	0	0	0	0	0	0	0	0	0	0	0	0	0	0	0	0	0	0
01:30:00	5400	0	0	0	0	0	0	0	0	0	0	0	0	0	0	0	0	0	0	0	0	0	0	0	0
01:35:00	5700	0	0	0	0	0	0	0	0	0	0	0	0	0	0	0	0	0	0	0	0	0	0	0	0
01:40:00	6000	0	0	0	0	0	0	0	0	0	0	0	0	0	0	0	0	0	0	0	0	0	0	0	0
01:45:00	6300	0	0	0	0	0	0	0	0	0	0	0	0	0	0	0	0	0	0	0	0	0	0	0	0
01:50:00	6600	0	0	0	0	0	0	0	0	0	0	0	0	0	0	0	0	0	0	0	0	0	0	0	0
01:55:00	6900	0	0	0	0	0	0	0	0	0	0	0	0	0	0	0	0	0	0	0	0	0	0	0	0
02:00:00	7200	0	0	0	0	0	0	0	0	0	0	0	0	0	0	0	0	0	0	0	0	0	0	0	0
02:05:00	7500	0	0	0	0	0	0	0	0	0	0	0	0	0	0	0	0	0	0	0	0	0	0	0	0
02:10:00	7800	0	0	0	0	0	0	0	0	0	0	0	0	0	0	0	0	0	0	0	0	0	0	0	0
02:15:00	8100	0	0	0	0	0	0	0	0	0	0	0	0	0	0	0	0	0	0	0	0	0	0	0	0
02:20:00	8400	0	0	0	0	0	0	0	0	0	0	0	0	0	0	0	0	0	0	0	0	0	0	0	0
02:25:00	8700	0	0	0	0	0	0	0	0	0	0	0	0	0	0	0	0	0	0	0	0	0	0	0	0
02:30:00	9000	0	0	0	0	0	0	0	0	0	0	0	0	0	0	0	0	0	0	0	0	0	0	0	0
02:35:00	9300	0	0	0	0	0	0	0	0	0	0	0	0	0	0	0	0	0	0	0	0	0	0	0	0
02:40:00	9600	0	0	0	0	0	0	0	0	0	0	0	0	0	0	0	0	0	0	0	0	0	0	0	0
02:45:00	9900	0	0	0	0	0	0	0	0	0	0	0	0	0	0	0	0	0	0	0	0	0	0	0	0
02:50:00	10200	0	0	0	0	0	0	0	0	0	0	0	0	0	0	0	0	0	0	0	0	0	0	0	0
02:55:00	10500	0	0	0	0	0	0	0	0	0	0	0	0	0	0	0	0	0	0	0	0	0	0	0	0
03:00:00	10800	0	0	0	0	0	0	0	0	0	0	0	0	0	0	0	0	0	0	0	0	0	0	0	0
03:05:00	11100	0	0	0	0	0	0	0	0	0	0	0	0	0	0	0	0	0	0	0	0	0	0	0	0
03:10:00	11400	0	0	0	0	0	0	0	0	0	0	0	0	0	0	0	0	0	0	0	0	0	0	0	0
03:15:00	11700	0	0	0	0	0	0	0	0	0	0	0	0	0	0	0	0	0	0	0	0	0	0	0	0
03:20:00	12000	0	0	0	0	0	0	0	0	0	0	0	0	0	0	0	0	0	0	0	0	0	0	0	0
03:25:00	12300	0	0	0	0	0	0	0	0	0	0	0	0	0	0	0	0	0	0	0	0	0	0	0	0
03:30:00	12600	0	0	0	0	0	0	0	0	0	0	0	0	0	0	0	0	0	0	0	0	0	0	0	0
03:35:00	12900	0	0	0	0	0	0	0	0	0	0	0	0	0	0	0	0	0	0	0	0	0	0	0	0
03:40:00	13200	0	0	0	0	0	0	0	0	0	0	0	0	0	0	0	0	0	0	0	0	0	0	0	0
03:45:00	13500	0	0	0	0	0	0	0	0	0	0	0	0	0	0	0	0	0	0	0	0	0	0	0	0
03:50:00	13800	0	0	0	0	0	0	0	0	0	0	0	0	0	0	0	0	0	0	0	0	0	0	0	0
03:55:00	14100	0	0	0	0	0	0	0	0	0	0	0	0	0	0	0	0	0	0	0	0	0	0	0	0
04:00:00	14400	0	0	0	0	0	0	0	0	0	0	0	0	0	0	0	0	0	0	0	0	0	0	0	0
04:05:00	14700	0	0	0	0	0	0	0	0	0	0	0	0	0	0	0	0	0	0	0	0	0	0	0	0
04:10:00	15000	0	0	0	0	0	0	0	0	0	0	0	0	0	0	0	0	0	0	0	0	0	0	0	0
04:15:00	15300	0	0	0	0	0	0	0	0	0	0	0	0	0	0	0	0	0	0	0	0	0	0	0	0
04:20:00	15600	0	0	0	0	0	0	0	0	0	0	0	0	0	0	0	0	0	0	0	0	0	0	0	0
04:25:00	15900	0	0	0	0	0	0	0	0	0	0	0	0	0	0	0	0	0	0	0	0	0	0	0	0
04:30:00	16200	0	0	0	0	0	0	0	0	0	0	0	0	0	0	0	0	0	0	0	0	0	0	0	0
04:35:00	16500	0	0	0	0	0	0	0	0	0	0	0	0	0	0	0	0	0	0	0	0	0	0	0	0
04:40:00	16800	0	0	0	0	0	0	0	0	0	0	0	0	0	0	0	0	0	0	0	0	0	0	0	0
04:45:00	17100	0	0	0	0	0	0	0	0	0	0	0	0	0	0	0	0	0	0	0	0	0	0	0	0
04:50:00	17400	0	0	0	0	0	0	0	0	0	0	0	0	0	0	0	0	0	0	0	0	0	0	0	0
04:55:00	17700	0	0	0	0	0	0	0	0	0	0	0	0	0	0	0	0	0	0	0	0	0	0	0	0
05:00:00	18000	0	0	0	0	0	0	0	0	0	0	0	0	0	0	0	0	0	0	0	0	0	0	0	0
05:05:00	18300	0	0	0	0	0	0	0	0	0	0	0	0	0	0	0	0	0	0	0	0	0	0	0	0
05:10:00	18600	0	0	0	0	0	0	0	0	0	0	0	0	0	0	0	0	0	0	0	0	0	0	0	0
05:15:00	18900	0	0	0	0	0	0	0	0	0	0	0	0	0	0	0	0	0	0	0	0	0	0	0	0
05:20:00	19200	0	0	0	0	0	0	0	0	0	0	0	0	0	0	0	0	0	0	0	0	0	0	0	0
05:25:00	19500	0	0	0	0	0	0	0	0	0	0	0	0	0	0	0	0	0	0	0	0	0	0	0	0
05:30:00	19800	0	0	0	0	0	0	0	0	0	0	0	0	0	0	0	0	0	0	0	0	0	0	0	0
05:35:00	20100	0	0	0	0	0	0	0	0	0	0	0	0	0	0	0	0	0	0	0	0	0	0	0	0
05:40:00	20400	0	0	0	0	0	0	0	0	0	0	0	0	0	0	0	0	0	0	0	0	0	0	0	0
05:45:00	20700	0	0	0	0	0	0	0	0	0	0	0	0	0	0	0	0	0	0	0	0	0	0	0	0
05:50:00	21000	0	0	0	0	0	0	0	0	0	0	0	0	0	0	0	0	0	0	0	0	0	0	0	0
05:55:00	21300	0	0	0	0	0	0	0	0	0	0	0	0	0	0	0	0	0	0	0	0	0	0	0	0
06:00:00	21600	0	0	0	0	0	0	0	0	0	0	0	0	0	0	0	0	0	0	0	0	0	0	0	0
06:05:00	21900	0	0	0	0	0	0	0	0	0	0	0	0	0	0	0	0	0	0	0	0	0	0	0	0
06:10:00	22200	0	0	0	0	0	0	0	0	0	0	0	0	0	0	0	0	0	0	0	0	0	0	0	0
06:15:00	22500	0	0	0	0	0	0	0	0	0	0	0	0	0	0	0	0	0	0	0	0	0	0	0	0
06:20:00	22800	0	0	0	0	0	0	0	0	0	0	0	0	0	0	0	0	0	0	0	0	0	0	0	0
06:25:00	23100	0	0	0	0	0	0	0	0	0	0	0	0	0	0	0	0	0	0	0	0	0	0	0	0
06:30:00	23400	0	0	0	0	0	0	0	0	0	0	0	0	0	0	0	0	0	0	0	0	0	0	0	0
06:35:00	23700	1	0	0	1	1	0	0	1	0	0	0	0	0	0	0	0	0	0	0	0	0	0	0	0
06:40:00	24000	1	0	0	2	1	0	0	2	0	0	0	0	0	0	0	0	0	0	0	0	0	0	0	0
06:45:00	24300	0	0	0	2	0	0	0	2	0	0	0	0	0	0	0	0	0	0	0	0	0	0	0	0
06:50:00	24600	0	1	0	1	0	1	0	1	0	0	0	0	0	0	0	0	0	0	0	0	0	0	0	0
06:55:00	24900	2	1	0	2	2	1	0	2	0	0	0	0	0	0	0	0	0	0	0	0	0	0	0	0
07:00:00	25200	0	0	0	2	0	0	0	2	0	0	0	0	0	0	0	0	0	0	0	0	0	0	0	0
07:05:00	25500	2	0	0	4	2	0	0	4	0	0	0	0	0	0	0	0	0	0	0	0	0	0	0	0
07:10:00	25800	5	2	0	7	5	2	0	7	0	0	0	0	0	0	0	0	0	0	0	0	0	0	0	0
07:15:00	26100	20	0	0	27	20	0	0	27	0	0	0	0	0	0	0	0	0	0	0	0	0	0	0	0
07:20:00	26400	24	0	0	51	24	0	0	51	0	0	0	0	0	0	0	0	0	0	0	0	0	0	0	0
07:25:00	26700	33	9	0	75	33	9	0	75	0	0	0	0	0	0	0	0	0	0	0	0	0	0	0	0
07:30:00	27000	60	8	0	127	60	8	0	127	0	0	0	0	0	0	0	0	0	0	0	0	0	0	0	0
07:35:00	27300	71	15	0	183	71	15	0	183	0	0	0	0	0	0	0	0	0	0	0	0	0	0	0	0
07:40:00	27600	104	35	0	252	104	35	0	252	0	0	0	0	0	0	0	0	0	0	0	0	0	0	0	0
07:45:00	27900	123	28	0	347	123	28	0	347	0	0	0	0	0	0	0	0	0	0	0	0	0	0	0	0
07:50:00	28200	158	65	0	440	155	65	0	437	0	0	0	0	3	0	0	3	0	0	0	0	0	0	0	0
07:55:00	28500	267	65	0	642	265	65	0	637	0	0	0	0	2	0	0	5	0	0	0	0	0	0	0	0
08:00:00	28800	273	81	0	834	271	80	0	828	0	0	0	0	1	1	0	5	1	0	0	1	0	0	0	0
08:05:00	29100	387	116	0	1105	382	113	0	1097	1	0	0	1	2	2	0	5	1	1	0	1	1	0	0	1
08:10:00	29400	348	138	0	1315	338	137	0	1298	0	0	0	1	3	1	0	7	6	0	0	7	1	0	0	2
08:15:00	29700	428	132	0	1611	422	127	0	1593	0	0	0	1	0	5	0	2	6	0	0	13	0	0	0	2
08:20:00	30000	397	118	0	1890	383	117	0	1859	3	0	0	4	0	1	0	1	8	0	0	21	3	0	0	5
08:25:00	30300	494	164	0	2220	475	163	0	2171	0	0	0	4	3	1	0	3	15	0	0	36	1	0	0	6
08:30:00	30600	420	178	0	2462	412	176	0	2407	1	0	0	5	2	1	0	4	3	1	0	38	2	0	0	8
08:35:00	30900	462	181	0	2743	449	179	0	2677	0	0	0	5	0	1	0	3	12	1	0	49	1	0	0	9
08:40:00	31200	435	222	0	2956	425	216	0	2886	0	0	0	5	0	1	0	2	10	4	0	55	0	1	0	8
08:45:00	31500	403	242	0	3117	391	234	0	3043	0	0	0	5	0	1	0	1	11	4	0	62	1	3	0	6
08:50:00	31800	391	193	0	3315	382	186	0	3239	0	1	0	4	1	1	0	1	8	1	0	69	0	4	0	2
08:55:00	32100	366	230	0	3451	357	227	0	3369	0	0	0	4	3	0	0	4	6	2	0	73	0	1	0	1
09:00:00	32400	344	231	0	3564	330	223	0	3476	0	0	0	4	0	1	0	3	14	7	0	80	0	0	0	1
09:05:00	32700	288	221	0	3631	278	208	0	3546	0	0	0	4	0	1	0	2	10	12	0	78	0	0	0	1
09:10:00	33000	296	244	0	3683	287	235	0	3598	0	0	0	4	1	1	0	2	8	8	0	78	0	0	0	1
09:15:00	33300	242	227	0	3698	234	215	0	3617	0	0	0	4	1	2	0	1	7	10	0	75	0	0	0	1
09:20:00	33600	220	285	0	3633	214	270	0	3561	1	0	0	5	2	0	0	3	3	14	0	64	0	1	0	0
09:25:00	33900	193	245	0	3581	189	238	0	3512	0	0	0	5	0	0	0	3	4	7	0	61	0	0	0	0
09:30:00	34200	160	282	0	3459	156	269	0	3399	0	0	0	5	1	2	0	2	3	11	0	53	0	0	0	0
09:35:00	34500	142	262	0	3339	137	253	0	3283	0	0	0	5	0	1	0	1	4	8	0	49	1	0	0	1
09:40:00	34800	120	241	0	3218	117	231	0	3169	0	0	0	5	0	0	0	1	3	10	0	42	0	0	0	1
09:45:00	35100	123	270	0	3071	113	256	0	3026	0	0	0	5	1	1	0	1	8	13	0	37	1	0	0	2
09:50:00	35400	96	268	0	2899	92	258	0	2860	0	0	0	5	1	0	0	2	2	10	0	29	1	0	0	3
09:55:00	35700	79	221	0	2757	77	213	0	2724	0	0	0	5	0	0	0	2	1	8	0	22	1	0	0	4
10:00:00	36000	70	254	0	2573	61	239	0	2546	1	0	0	6	1	2	0	1	7	13	0	16	0	0	0	4
10:05:00	36300	62	217	0	2418	56	211	0	2391	0	0	0	6	2	1	0	2	4	4	0	16	0	1	0	3
10:10:00	36600	73	243	0	2248	67	231	0	2227	0	0	0	6	1	0	0	3	5	12	0	9	0	0	0	3
10:15:00	36900	36	219	0	2065	34	217	0	2044	1	0	0	7	0	0	0	3	0	1	0	8	1	1	0	3
10:20:00	37200	36	217	0	1884	29	208	0	1865	0	0	0	7	0	0	0	3	6	8	0	6	1	1	0	3
10:25:00	37500	29	186	0	1727	25	180	0	1710	0	0	0	7	1	2	0	2	3	4	0	5	0	0	0	3
10:30:00	37800	42	173	0	1596	37	167	0	1580	0	0	0	7	0	1	0	1	5	4	0	6	0	1	0	2
10:35:00	38100	42	148	0	1490	37	145	0	1472	0	0	0	7	2	0	0	3	2	2	0	6	1	1	0	2
10:40:00	38400	40	162	0	1368	37	159	0	1350	0	0	0	7	0	0	0	3	3	2	0	7	0	1	0	1
10:45:00	38700	32	159	0	1241	29	156	0	1223	0	0	0	7	0	1	0	2	2	2	0	7	1	0	0	2
10:50:00	39000	42	130	0	1153	40	127	0	1136	0	0	0	7	1	0	0	3	1	2	0	6	0	1	0	1
10:55:00	39300	27	127	0	1053	22	122	0	1036	0	0	0	7	2	2	0	3	3	3	0	6	0	0	0	1
11:00:00	39600	47	115	0	985	40	107	0	969	0	0	0	7	4	3	0	4	2	5	0	3	1	0	0	2
11:05:00	39900	36	97	0	924	32	93	0	908	0	0	0	7	1	1	0	4	2	2	0	3	1	1	0	2
11:10:00	40200	41	89	0	876	35	85	0	858	0	0	0	7	0	1	0	3	5	3	0	5	1	0	0	3
11:15:00	40500	48	90	0	834	38	81	0	815	0	0	0	7	3	2	0	4	6	7	0	4	1	0	0	4
11:20:00	40800	59	94	0	799	53	92	0	776	0	0	0	7	1	1	0	4	2	0	0	6	3	1	0	6
11:25:00	41100	26	97	0	728	21	95	0	702	0	0	0	7	1	2	0	3	1	0	0	7	3	0	0	9
11:30:00	41400	44	81	0	691	40	78	0	664	0	0	0	7	1	1	0	3	2	1	0	8	1	1	0	9
11:35:00	41700	36	73	0	654	33	71	0	626	0	0	0	7	1	1	0	3	1	1	0	8	1	0	0	10
11:40:00	42000	36	81	0	609	31	78	0	579	1	0	0	8	1	0	0	4	2	3	0	7	1	0	0	11
11:45:00	42300	63	60	0	612	60	56	0	583	0	0	0	8	0	2	0	2	1	2	0	6	2	0	0	13
11:50:00	42600	60	66	0	606	54	62	0	575	0	0	0	8	0	0	0	2	3	4	0	5	3	0	0	16
11:55:00	42900	52	57	0	601	45	56	0	564	0	0	0	8	1	1	0	2	1	0	0	6	5	0	0	21
12:00:00	43200	44	60	0	585	34	55	0	543	1	0	0	9	1	0	0	3	3	2	0	7	5	3	0	23
12:05:00	43500	36	49	0	572	31	44	0	530	0	0	0	9	0	1	0	2	1	1	0	7	4	3	0	24
12:10:00	43800	69	45	0	596	59	35	0	554	0	0	0	9	2	0	0	4	5	5	0	7	3	5	0	22
12:15:00	44100	57	47	0	606	48	42	0	560	0	0	0	9	3	1	0	6	4	3	0	8	2	1	0	23
12:20:00	44400	49	60	0	595	37	47	0	550	0	0	0	9	1	2	0	5	8	4	0	12	3	7	0	19
12:25:00	44700	49	48	0	596	39	38	0	551	0	0	0	9	2	2	0	5	7	4	0	15	1	4	0	16
12:30:00	45000	41	49	0	588	35	42	0	544	0	0	0	9	2	1	0	6	0	1	0	14	4	5	0	15
12:35:00	45300	61	52	0	597	54	44	0	554	0	0	0	9	1	3	0	4	4	2	0	16	2	3	0	14
12:40:00	45600	72	31	0	638	65	29	0	590	0	0	0	9	5	0	0	9	1	0	0	17	1	2	0	13
12:45:00	45900	53	58	0	633	38	48	0	580	0	1	0	8	6	2	0	13	4	5	0	16	5	2	0	16
12:50:00	46200	72	67	0	638	59	57	0	582	0	1	0	7	5	4	0	14	5	1	0	20	3	4	0	15
12:55:00	46500	50	62	0	626	45	51	0	576	0	0	0	7	1	4	0	11	2	3	0	19	2	4	0	13
13:00:00	46800	67	74	0	619	46	64	0	558	0	0	0	7	4	3	0	12	7	5	0	21	10	2	0	21
13:05:00	47100	66	56	0	629	52	52	0	558	0	0	0	7	2	2	0	12	5	2	0	24	7	0	0	28
13:10:00	47400	75	64	0	640	61	56	0	563	0	0	0	7	3	1	0	14	7	3	0	28	4	4	0	28
13:15:00	47700	93	55	0	678	81	50	0	594	0	0	0	7	5	0	0	19	2	3	0	27	5	2	0	31
13:20:00	48000	44	58	0	664	27	46	0	575	0	0	0	7	3	6	0	16	9	6	0	30	5	0	0	36
13:25:00	48300	71	73	0	662	53	62	0	566	0	0	0	7	2	5	0	13	5	6	0	29	11	0	0	47
13:30:00	48600	63	69	0	656	38	62	0	542	0	0	0	7	6	5	0	14	7	2	0	34	12	0	0	59
13:35:00	48900	69	62	0	663	59	54	0	547	0	0	0	7	0	3	0	11	6	4	0	36	4	1	0	62
13:40:00	49200	91	55	0	699	68	46	0	569	0	0	0	7	1	2	0	10	11	7	0	40	11	0	0	73
13:45:00	49500	57	45	0	711	35	39	0	565	0	0	0	7	2	1	0	11	9	5	0	44	11	0	0	84
13:50:00	49800	83	70	0	724	62	65	0	562	0	0	0	7	3	3	0	11	8	2	0	50	10	0	0	94
13:55:00	50100	76	64	0	736	51	55	0	558	0	0	0	7	3	4	0	10	13	5	0	58	9	0	0	103
14:00:00	50400	58	76	0	718	36	64	0	530	0	0	0	7	1	2	0	9	12	5	0	65	9	5	0	107
14:05:00	50700	81	93	0	706	62	62	0	530	1	0	0	8	3	1	0	11	7	7	0	65	8	23	0	92
14:10:00	51000	73	89	0	690	43	59	0	514	0	0	0	8	5	2	0	14	7	12	0	60	18	16	0	94
14:15:00	51300	85	71	0	704	64	51	0	527	0	0	0	8	5	3	0	16	12	6	0	66	4	11	0	87
14:20:00	51600	86	84	0	706	60	58	0	529	0	0	0	8	4	2	0	18	8	6	0	68	14	18	0	83
14:25:00	51900	79	75	0	710	50	48	0	531	0	0	0	8	6	3	0	21	15	14	0	69	8	10	0	81
14:30:00	52200	107	58	0	759	73	41	0	563	1	0	0	9	4	4	0	21	20	6	0	83	9	7	0	83
14:35:00	52500	95	74	0	780	62	50	0	575	0	0	0	9	8	4	0	25	18	5	0	96	7	15	0	75
14:40:00	52800	117	72	0	825	90	46	0	619	0	0	0	9	6	4	0	27	16	12	0	100	5	10	0	70
14:45:00	53100	97	68	0	854	61	43	0	637	0	0	0	9	3	3	0	27	20	11	0	109	13	11	0	72
14:50:00	53400	85	89	0	850	56	60	0	633	0	0	0	9	2	2	0	27	24	14	0	119	3	13	0	62
14:55:00	53700	84	84	0	850	52	62	0	623	1	0	0	10	5	5	0	27	22	9	0	132	4	8	0	58
15:00:00	54000	91	69	0	872	59	47	0	635	0	0	0	10	2	3	0	26	17	13	0	136	13	6	0	65
15:05:00	54300	102	76	0	898	66	53	0	648	0	0	0	10	3	5	0	24	21	16	0	141	12	2	0	75
15:10:00	54600	81	71	0	908	47	46	0	649	0	0	0	10	7	3	0	28	17	18	0	140	10	4	0	81
15:15:00	54900	100	72	0	936	61	52	0	658	0	0	0	10	7	8	0	27	16	11	0	145	16	1	0	96
15:20:00	55200	84	65	0	955	48	34	0	672	0	0	0	10	5	4	0	28	19	24	0	140	12	3	0	105
15:25:00	55500	72	85	0	942	39	58	0	653	0	0	0	10	5	5	0	28	15	16	0	139	13	6	0	112
15:30:00	55800	76	81	0	937	34	57	0	630	1	0	0	11	4	7	0	25	22	16	0	145	15	1	0	126
15:35:00	56100	83	96	0	924	42	71	0	601	0	0	0	11	7	7	0	25	20	18	0	147	14	0	0	140
15:40:00	56400	111	88	0	947	58	59	0	600	0	0	0	11	11	3	0	33	24	23	0	148	18	3	0	155
15:45:00	56700	97	80	0	964	52	53	0	599	0	0	0	11	9	7	0	35	22	19	0	151	14	1	0	168
15:50:00	57000	96	75	0	985	40	54	0	585	0	0	0	11	11	7	0	39	22	14	0	159	23	0	0	191
15:55:00	57300	105	72	0	1018	58	56	0	587	0	0	0	11	9	4	0	44	17	12	0	164	21	0	0	212
16:00:00	57600	109	98	0	1029	42	59	0	570	1	0	0	12	15	8	0	51	31	19	0	176	20	12	0	220
16:05:00	57900	87	105	0	1011	40	50	0	560	0	0	0	12	10	7	0	54	26	23	0	179	11	25	0	206
16:10:00	58200	113	121	0	1003	55	70	0	545	0	1	0	11	7	8	0	53	34	25	0	188	17	17	0	206
16:15:00	58500	118	91	0	1030	66	52	0	559	0	0	0	11	10	8	0	55	28	16	0	200	14	15	0	205
16:20:00	58800	109	71	0	1068	55	35	0	579	0	0	0	11	15	6	0	64	25	14	0	211	14	16	0	203
16:25:00	59100	95	96	0	1067	50	44	0	585	0	0	0	11	6	10	0	60	22	23	0	210	17	19	0	201
16:30:00	59400	117	118	0	1066	61	63	0	583	0	0	0	11	14	10	0	64	27	24	0	213	15	21	0	195
16:35:00	59700	125	116	0	1075	74	70	0	587	0	0	0	11	8	8	0	64	27	18	0	222	16	20	0	191
16:40:00	60000	115	109	0	1081	59	45	0	601	0	0	0	11	21	11	0	74	26	29	0	219	9	24	0	176
16:45:00	60300	135	116	0	1100	78	69	0	610	0	0	0	11	15	9	0	80	32	20	0	231	10	18	0	168
16:50:00	60600	151	123	0	1128	95	60	0	645	0	0	0	11	20	15	0	85	29	31	0	229	7	17	0	158
16:55:00	60900	142	108	0	1162	93	60	0	678	0	0	0	11	16	10	0	91	27	26	0	230	6	12	0	152
17:00:00	61200	148	125	0	1185	97	64	0	711	0	0	0	11	8	17	0	82	33	33	0	230	10	11	0	151
17:05:00	61500	135	134	0	1186	98	70	0	739	0	0	0	11	13	20	0	75	17	29	0	218	7	15	0	143
17:10:00	61800	231	132	0	1285	169	84	0	824	0	1	0	10	21	11	0	85	23	30	0	211	18	6	0	155
17:15:00	62100	149	126	0	1308	93	59	0	858	0	0	0	10	13	21	0	77	27	39	0	199	16	7	0	164
17:20:00	62400	200	116	0	1392	165	70	0	953	0	0	0	10	13	13	0	77	13	28	0	184	9	5	0	168
17:25:00	62700	275	120	0	1547	205	85	0	1073	0	0	0	10	21	11	0	87	29	23	0	190	20	1	0	187
17:30:00	63000	213	114	0	1646	166	74	0	1165	0	0	0	10	13	9	0	91	23	28	0	185	11	3	0	195
17:35:00	63300	268	162	0	1752	195	116	0	1244	1	0	0	11	19	10	0	100	33	32	0	186	20	4	0	211
17:40:00	63600	280	160	0	1872	217	117	0	1344	0	0	0	11	20	18	0	102	26	20	0	192	17	5	0	223
17:45:00	63900	310	142	0	2040	240	91	0	1493	1	0	0	12	22	26	0	98	24	24	0	192	23	1	0	245
17:50:00	64200	291	160	0	2171	224	115	0	1602	0	0	0	12	17	21	0	94	30	24	0	198	20	0	0	265
17:55:00	64500	319	166	0	2324	255	117	0	1740	0	0	0	12	20	11	0	103	21	36	0	183	23	2	0	286
18:00:00	64800	239	188	0	2375	178	150	0	1768	1	0	0	13	18	10	0	111	19	23	0	179	23	5	0	304
18:05:00	65100	332	243	0	2464	268	176	0	1860	0	0	0	13	19	23	0	107	26	18	0	187	19	26	0	297
18:10:00	65400	273	255	0	2482	210	180	0	1890	0	0	0	13	15	12	0	110	28	30	0	185	20	33	0	284
18:15:00	65700	320	227	0	2575	244	172	0	1962	0	0	0	13	25	15	0	120	29	28	0	186	22	12	0	294
18:20:00	66000	369	279	0	2665	307	209	0	2060	0	0	0	13	11	23	0	108	39	26	0	199	12	21	0	285
18:25:00	66300	332	241	0	2756	264	185	0	2139	0	0	0	13	11	18	0	101	34	26	0	207	23	12	0	296
18:30:00	66600	342	249	0	2849	258	195	0	2202	0	0	0	13	11	13	0	99	49	27	0	229	24	14	0	306
18:35:00	66900	315	277	0	2887	249	199	0	2252	0	0	0	13	17	17	0	99	33	36	0	226	16	25	0	297
18:40:00	67200	310	298	0	2899	236	234	0	2254	0	1	0	12	15	19	0	95	46	25	0	247	13	19	0	291
18:45:00	67500	349	303	0	2945	286	227	0	2313	0	0	0	12	20	16	0	99	34	34	0	247	9	26	0	274
18:50:00	67800	360	279	0	3026	283	213	0	2383	0	0	0	12	18	20	0	97	51	25	0	273	8	21	0	261
18:55:00	68100	270	306	0	2990	205	231	0	2357	0	0	0	12	9	17	0	89	53	39	0	287	3	19	0	245
19:00:00	68400	303	306	0	2987	245	244	0	2358	0	0	0	12	9	7	0	91	37	44	0	280	12	11	0	246
19:05:00	68700	284	299	0	2972	213	237	0	2334	0	0	0	12	15	14	0	92	45	38	0	287	11	10	0	247
19:10:00	69000	366	295	0	3043	285	227	0	2392	0	0	0	12	17	14	0	95	55	43	0	299	9	11	0	245
19:15:00	69300	393	301	0	3135	312	249	0	2455	0	0	0	12	18	12	0	101	52	33	0	318	11	7	0	249
19:20:00	69600	248	320	0	3063	191	256	0	2390	0	0	0	12	14	17	0	98	29	43	0	304	14	4	0	259
19:25:00	69900	262	308	0	3017	168	249	0	2309	0	0	0	12	19	17	0	100	55	34	0	325	20	8	0	271
19:30:00	70200	238	325	0	2930	174	268	0	2215	0	0	0	12	15	11	0	104	37	41	0	321	12	5	0	278
19:35:00	70500	264	334	0	2860	176	264	0	2127	0	0	0	12	10	15	0	99	56	47	0	330	22	8	0	292
19:40:00	70800	345	354	0	2851	275	288	0	2114	0	0	0	12	11	19	0	91	39	44	0	325	20	3	0	309
19:45:00	71100	300	300	0	2851	204	232	0	2086	0	0	0	12	23	15	0	99	49	52	0	322	24	1	0	332
19:50:00	71400	187	309	0	2729	121	247	0	1960	0	0	0	12	12	16	0	95	46	43	0	325	8	3	0	337
19:55:00	71700	224	279	0	2674	138	219	0	1879	0	0	0	12	25	17	0	103	43	41	0	327	18	2	0	353
20:00:00	72000	208	276	0	2606	135	217	0	1797	0	0	0	12	13	12	0	104	45	40	0	332	15	7	0	361
20:05:00	72300	246	313	0	2539	171	228	0	1740	0	0	0	12	21	16	0	109	42	51	0	323	12	18	0	355
20:10:00	72600	256	294	0	2501	174	206	0	1708	0	0	0	12	15	25	0	99	53	37	0	339	14	26	0	343
20:15:00	72900	154	277	0	2378	99	201	0	1606	0	0	0	12	17	16	0	100	33	42	0	330	5	18	0	330
20:20:00	73200	181	271	0	2288	109	183	0	1532	0	0	0	12	16	17	0	99	46	47	0	329	10	24	0	316
20:25:00	73500	152	247	0	2193	81	169	0	1444	0	0	0	12	22	18	0	103	39	43	0	325	10	17	0	309
20:30:00	73800	184	235	0	2142	114	159	0	1399	0	0	0	12	21	15	0	109	39	49	0	315	10	12	0	307
20:35:00	74100	208	257	0	2093	144	184	0	1359	1	0	0	13	19	16	0	112	38	42	0	311	6	15	0	298
20:40:00	74400	199	211	0	2081	123	144	0	1338	0	0	0	13	13	11	0	114	55	42	0	324	8	14	0	292
20:45:00	74700	134	251	0	1964	74	162	0	1250	0	0	0	13	12	16	0	110	42	49	0	317	6	24	0	274
20:50:00	75000	121	229	0	1856	71	143	0	1178	0	0	0	13	8	17	0	101	38	44	0	311	4	25	0	253
20:55:00	75300	135	235	0	1756	75	146	0	1107	0	0	0	13	22	24	0	99	38	41	0	308	0	24	0	229
21:00:00	75600	143	193	0	1706	92	131	0	1068	0	0	0	13	19	16	0	102	30	35	0	303	2	11	0	220
21:05:00	75900	163	199	0	1670	107	113	0	1062	0	0	0	13	17	12	0	107	38	55	0	286	1	19	0	202
21:10:00	76200	117	160	0	1627	58	106	0	1014	0	0	0	13	14	16	0	105	39	31	0	294	6	7	0	201
21:15:00	76500	110	182	0	1555	50	125	0	939	0	0	0	13	13	17	0	101	37	37	0	294	10	3	0	208
21:20:00	76800	112	185	0	1482	50	106	0	883	0	0	0	13	9	21	0	89	46	48	0	292	7	10	0	205
21:25:00	77100	134	164	0	1452	61	102	0	842	0	0	0	13	21	12	0	98	39	45	0	286	13	5	0	213
21:30:00	77400	132	178	0	1406	82	101	0	823	0	0	0	13	4	20	0	82	32	53	0	265	14	4	0	223
21:35:00	77700	100	140	0	1366	54	88	0	789	0	0	0	13	8	10	0	80	25	36	0	254	13	6	0	230
21:40:00	78000	89	140	0	1315	39	75	0	753	0	0	0	13	14	17	0	77	29	43	0	240	7	5	0	232
21:45:00	78300	107	137	0	1285	45	90	0	708	0	0	0	13	18	8	0	87	31	35	0	236	13	4	0	241
21:50:00	78600	98	135	0	1248	35	80	0	663	0	0	0	13	14	13	0	88	36	42	0	230	13	0	0	254
21:55:00	78900	100	140	0	1208	47	77	0	633	0	0	0	13	14	18	0	84	30	44	0	216	9	1	0	262
22:00:00	79200	96	95	0	1209	58	47	0	644	0	0	0	13	10	13	0	81	19	30	0	205	9	5	0	266
22:05:00	79500	70	127	0	1152	16	75	0	585	0	0	0	13	11	16	0	76	31	23	0	213	12	13	0	265
22:10:00	79800	79	135	0	1096	23	66	0	542	0	1	0	12	13	19	0	70	38	33	0	218	5	16	0	254
22:15:00	80100	80	136	0	1040	30	80	0	492	0	0	0	12	13	16	0	67	27	28	0	217	10	12	0	252
22:20:00	80400	57	137	0	960	15	65	0	442	0	0	0	12	8	16	0	59	28	36	0	209	6	20	0	238
22:25:00	80700	86	108	0	938	41	53	0	430	0	0	0	12	8	13	0	54	28	33	0	204	9	9	0	238
22:30:00	81000	60	102	0	896	15	47	0	398	0	0	0	12	10	10	0	54	27	32	0	199	8	13	0	233
22:35:00	81300	69	94	0	871	18	61	0	355	0	0	0	12	18	8	0	64	26	22	0	203	7	3	0	237
22:40:00	81600	65	107	0	829	13	41	0	327	0	0	0	12	12	15	0	61	36	36	0	203	4	15	0	226
22:45:00	81900	61	84	0	806	18	32	0	313	0	0	0	12	14	9	0	66	26	34	0	195	3	9	0	220
22:50:00	82200	64	91	0	779	19	32	0	300	0	0	0	12	8	15	0	59	36	30	0	201	1	14	0	207
22:55:00	82500	65	86	0	758	20	37	0	283	0	0	0	12	11	5	0	65	30	37	0	194	4	7	0	204
23:00:00	82800	39	92	0	705	6	41	0	248	0	0	0	12	13	12	0	66	17	29	0	182	3	10	0	197
23:05:00	83100	42	85	0	662	7	36	0	219	0	0	0	12	8	8	0	66	26	27	0	181	1	14	0	184
23:10:00	83400	41	93	0	610	3	28	0	194	0	0	0	12	10	18	0	58	24	35	0	170	4	12	0	176
23:15:00	83700	56	83	0	583	14	24	0	184	0	0	0	12	9	18	0	49	27	35	0	162	6	6	0	176
23:20:00	84000	37	65	0	555	8	22	0	170	0	0	0	12	9	8	0	50	20	30	0	152	0	5	0	171
23:25:00	84300	47	73	0	529	6	30	0	146	0	0	0	12	9	11	0	48	26	30	0	148	6	2	0	175
23:30:00	84600	55	57	0	527	5	20	0	131	0	0	0	12	16	7	0	57	30	26	0	152	4	4	0	175
23:35:00	84900	45	50	0	522	7	17	0	121	0	0	0	12	9	5	0	61	23	26	0	149	6	2	0	179
23:40:00	85200	47	51	0	518	6	13	0	114	0	0	0	12	7	10	0	58	31	23	0	157	3	5	0	177
23:45:00	85500	37	47	0	508	4	9	0	109	0	0	0	12	7	8	0	57	25	27	0	155	1	3	0	175
23:50:00	85800	30	60	0	478	4	20	0	93	0	0	0	12	8	11	0	54	14	27	0	142	4	2	0	177
23:55:00	86100	32	60	0	450	7	14	0	86	0	0	0	12	8	12	0	50	14	28	0	128	3	6	0	174
24:00:00	86400	648	58	0	1040	38	10	0	114	0	0	0	12	96	13	0	133	514	34	0	608	0	1	0	173
24:05:00	86700	31	53	0	1018	1	5	0	110	0	0	0	12	22	14	0	141	8	27	0	589	0	7	0	166
24:10:00	87000	29	74	0	973	0	11	0	99	0	0	0	12	17	15	0	143	12	35	0	566	0	13	0	153
24:15:00	87300	16	81	0	908	0	10	0	89	0	0	0	12	13	18	0	138	3	47	0	522	0	6	0	147
24:20:00	87600	24	94	0	838	0	8	0	81	0	0	0	12	21	30	0	129	3	47	0	478	0	9	0	138
24:25:00	87900	20	112	0	746	0	10	0	71	0	0	0	12	20	23	0	126	0	71	0	407	0	8	0	130
24:30:00	88200	10	82	0	674	1	7	0	65	0	0	0	12	6	24	0	108	3	49	0	361	0	2	0	128
24:35:00	88500	11	120	0	565	0	6	0	59	0	0	0	12	8	32	0	84	3	79	0	285	0	3	0	125
24:40:00	88800	7	85	0	487	0	5	0	54	0	0	0	12	5	26	0	63	2	52	0	235	0	2	0	123
24:45:00	89100	4	66	0	425	1	5	0	50	0	0	0	12	3	19	0	47	0	41	0	194	0	1	0	122
24:50:00	89400	9	48	0	386	0	5	0	45	0	0	0	12	9	6	0	50	0	37	0	157	0	0	0	122
24:55:00	89700	9	60	0	335	0	1	0	44	0	0	0	12	5	14	0	41	4	45	0	116	0	0	0	122
25:00:00	90000	2	57	0	280	0	5	0	39	0	0	0	12	1	13	0	29	1	38	0	79	0	1	0	121
25:05:00	90300	6	58	0	228	0	6	0	33	0	0	0	12	2	9	0	22	4	41	0	42	0	2	0	119
25:10:00	90600	13	49	0	192	0	4	0	29	0	0	0	12	3	3	0	22	10	40	0	12	0	2	0	117
25:15:00	90900	3	42	0	153	0	1	0	28	0	0	0	12	0	6	0	16	3	35	0	-20	0	0	0	117
25:20:00	91200	10	35	0	128	0	0	0	28	0	0	0	12	1	5	0	12	9	26	0	-37	0	4	0	113
25:25:00	91500	2	23	0	107	0	2	0	26	0	0	0	12	2	3	0	11	0	17	0	-54	0	1	0	112
25:30:00	91800	0	14	0	93	0	1	0	25	0	0	0	12	0	3	0	8	0	10	0	-64	0	0	0	112
25:35:00	92100	5	13	0	85	0	0	0	25	0	0	0	12	4	1	0	11	1	11	0	-74	0	1	0	111
25:40:00	92400	4	12	0	77	0	2	0	23	0	0	0	12	3	0	0	14	1	10	0	-83	0	0	0	111
25:45:00	92700	0	8	0	69	0	3	0	20	0	0	0	12	0	1	0	13	0	4	0	-87	0	0	0	111
25:50:00	93000	0	7	0	62	0	1	0	19	0	0	0	12	0	2	0	11	0	4	0	-91	0	0	0	111
25:55:00	93300	0	8	0	54	0	2	0	17	0	0	0	12	0	1	0	10	0	5	0	-96	0	0	0	111
26:00:00	93600	1	5	0	50	0	0	0	17	0	0	0	12	1	4	0	7	0	1	0	-97	0	0	0	111
26:05:00	93900	1	7	0	44	0	0	0	17	0	0	0	12	1	3	0	5	0	4	0	-101	0	0	0	111
26:10:00	94200	1	11	0	34	0	0	0	17	0	0	0	12	1	2	0	4	0	9	0	-110	0	0	0	111
26:15:00	94500	1	2	0	33	0	0	0	17	0	0	0	12	1	0	0	5	0	2	0	-112	0	0	0	111
26:20:00	94800	0	5	0	28	0	1	0	16	0	0	0	12	0	0	0	5	0	4	0	-116	0	0	0	111
26:25:00	95100	1	4	0	25	0	0	0	16	0	0	0	12	1	0	0	6	0	4	0	-120	0	0	0	111
26:30:00	95400	0	3	0	22	0	0	0	16	0	0	0	12	0	2	0	4	0	1	0	-121	0	0	0	111
26:35:00	95700	1	5	0	18	1	2	0	15	0	0	0	12	0	2	0	2	0	1	0	-122	0	0	0	111
26:40:00	96000	0	2	0	16	0	1	0	14	0	0	0	12	0	0	0	2	0	1	0	-123	0	0	0	111
26:45:00	96300	1	2	0	15	0	2	0	12	0	0	0	12	1	0	0	3	0	0	0	-123	0	0	0	111
26:50:00	96600	0	2	0	13	0	1	0	11	0	0	0	12	0	1	0	2	0	0	0	-123	0	0	0	111
26:55:00	96900	0	0	0	13	0	0	0	11	0	0	0	12	0	0	0	2	0	0	0	-123	0	0	0	111
27:00:00	97200	0	1	0	12	0	0	0	11	0	0	0	12	0	1	0	1	0	0	0	-123	0	0	0	111
27:05:00	97500	1	2	0	11	0	1	0	10	0	0	0	12	1	1	0	1	0	0	0	-123	0	0	0	111
27:10:00	97800	0	0	0	11	0	0	0	10	0	0	0	12	0	0	0	1	0	0	0	-123	0	0	0	111
27:15:00	98100	1	0	0	12	1	0	0	11	0	0	0	12	0	0	0	1	0	0	0	-123	0	0	0	111
27:20:00	98400	0	1	0	11	0	1	0	10	0	0	0	12	0	0	0	1	0	0	0	-123	0	0	0	111
27:25:00	98700	0	0	0	11	0	0	0	10	0	0	0	12	0	0	0	1	0	0	0	-123	0	0	0	111
27:30:00	99000	0	1	0	10	0	1	0	9	0	0	0	12	0	0	0	1	0	0	0	-123	0	0	0	111
27:35:00	99300	1	0	0	11	0	0	0	9	0	0	0	12	1	0	0	2	0	0	0	-123	0	0	0	111
27:40:00	99600	1	1	0	11	0	0	0	9	0	0	0	12	1	1	0	2	0	0	0	-123	0	0	0	111
27:45:00	99900	1	1	0	11	1	0	0	10	0	0	0	12	0	1	0	1	0	0	0	-123	0	0	0	111
27:50:00	100200	0	0	0	11	0	0	0	10	0	0	0	12	0	0	0	1	0	0	0	-123	0	0	0	111
27:55:00	100500	0	0	0	11	0	0	0	10	0	0	0	12	0	0	0	1	0	0	0	-123	0	0	0	111
28:00:00	100800	0	0	0	11	0	0	0	10	0	0	0	12	0	0	0	1	0	0	0	-123	0	0	0	111
28:05:00	101100	1	0	0	12	0	0	0	10	0	0	0	12	1	0	0	2	0	0	0	-123	0	0	0	111
28:10:00	101400	0	0	0	12	0	0	0	10	0	0	0	12	0	0	0	2	0	0	0	-123	0	0	0	111
28:15:00	101700	0	1	0	11	0	1	0	9	0	0	0	12	0	0	0	2	0	0	0	-123	0	0	0	111
28:20:00	102000	1	1	0	11	0	0	0	9	0	0	0	12	1	1	0	2	0	0	0	-123	0	0	0	111
28:25:00	102300	0	0	0	11	0	0	0	9	0	0	0	12	0	0	0	2	0	0	0	-123	0	0	0	111
28:30:00	102600	0	1	0	10	0	0	0	9	0	0	0	12	0	1	0	1	0	0	0	-123	0	0	0	111
28:35:00	102900	0	0	0	10	0	0	0	9	0	0	0	12	0	0	0	1	0	0	0	-123	0	0	0	111
28:40:00	103200	0	1	0	9	0	0	0	9	0	0	0	12	0	1	0	0	0	0	0	-123	0	0	0	111
28:45:00	103500	0	0	0	9	0	0	0	9	0	0	0	12	0	0	0	0	0	0	0	-123	0	0	0	111
28:50:00	103800	0	0	0	9	0	0	0	9	0	0	0	12	0	0	0	0	0	0	0	-123	0	0	0	111
28:55:00	104100	0	0	0	9	0	0	0	9	0	0	0	12	0	0	0	0	0	0	0	-123	0	0	0	111
29:00:00	104400	0	0	0	9	0	0	0	9	0	0	0	12	0	0	0	0	0	0	0	-123	0	0	0	111
29:05:00	104700	0	0	0	9	0	0	0	9	0	0	0	12	0	0	0	0	0	0	0	-123	0	0	0	111
29:10:00	105000	0	2	0	7	0	2	0	7	0	0	0	12	0	0	0	0	0	0	0	-123	0	0	0	111
29:15:00	105300	0	0	0	7	0	0	0	7	0	0	0	12	0	0	0	0	0	0	0	-123	0	0	0	111
29:20:00	105600	0	0	0	7	0	0	0	7	0	0	0	12	0	0	0	0	0	0	0	-123	0	0	0	111
29:25:00	105900	1	1	0	7	0	1	0	6	0	0	0	12	1	0	0	1	0	0	0	-123	0	0	0	111
29:30:00	106200	1	0	0	8	0	0	0	6	0	0	0	12	0	0	0	1	1	0	0	-122	0	0	0	111
29:35:00	106500	2	0	0	10	2	0	0	8	0	0	0	12	0	0	0	1	0	0	0	-122	0	0	0	111
29:40:00	106800	1	1	0	10	1	1	0	8	0	0	0	12	0	0	0	1	0	0	0	-122	0	0	0	111
29:45:00	107100	2	0	0	12	2	0	0	10	0	0	0	12	0	0	0	1	0	0	0	-122	0	0	0	111
29:50:00	107400	1	0	0	13	1	0	0	11	0	0	0	12	0	0	0	1	0	0	0	-122	0	0	0	111
29:55:00	107700	2	4	0	11	2	3	0	10	0	0	0	12	0	0	0	1	0	1	0	-123	0	0	0	111
30:00:00	108000	0	0	0	11	0	0	0	10	0	0	0	12	0	0	0	1	0	0	0	-123	0	0	0	111
30:05:00	108300	0	0	0	11	0	0	0	10	0	0	0	12	0	0	0	1	0	0	0	-123	0	0	0	111
