time	time	departures_all	arrivals_all	stuck_all	en-route_all	departures_car	arrivals_car	stuck_car	en-route_car	departures_drive_transit	arrivals_drive_transit	stuck_drive_transit	en-route_drive_transit	departures_ride_hail	arrivals_ride_hail	stuck_ride_hail	en-route_ride_hail	departures_walk	arrivals_walk	stuck_walk	en-route_walk	departures_walk_transit	arrivals_walk_transit	stuck_walk_transit	en-route_walk_transit
00:00:00	0	0	0	0	0	0	0	0	0	0	0	0	0	0	0	0	0	0	0	0	0	0	0	0	0
00:05:00	300	0	0	0	0	0	0	0	0	0	0	0	0	0	0	0	0	0	0	0	0	0	0	0	0
00:10:00	600	0	0	0	0	0	0	0	0	0	0	0	0	0	0	0	0	0	0	0	0	0	0	0	0
00:15:00	900	0	0	0	0	0	0	0	0	0	0	0	0	0	0	0	0	0	0	0	0	0	0	0	0
00:20:00	1200	0	0	0	0	0	0	0	0	0	0	0	0	0	0	0	0	0	0	0	0	0	0	0	0
00:25:00	1500	0	0	0	0	0	0	0	0	0	0	0	0	0	0	0	0	0	0	0	0	0	0	0	0
00:30:00	1800	0	0	0	0	0	0	0	0	0	0	0	0	0	0	0	0	0	0	0	0	0	0	0	0
00:35:00	2100	0	0	0	0	0	0	0	0	0	0	0	0	0	0	0	0	0	0	0	0	0	0	0	0
00:40:00	2400	0	0	0	0	0	0	0	0	0	0	0	0	0	0	0	0	0	0	0	0	0	0	0	0
00:45:00	2700	0	0	0	0	0	0	0	0	0	0	0	0	0	0	0	0	0	0	0	0	0	0	0	0
00:50:00	3000	0	0	0	0	0	0	0	0	0	0	0	0	0	0	0	0	0	0	0	0	0	0	0	0
00:55:00	3300	0	0	0	0	0	0	0	0	0	0	0	0	0	0	0	0	0	0	0	0	0	0	0	0
01:00:00	3600	0	0	0	0	0	0	0	0	0	0	0	0	0	0	0	0	0	0	0	0	0	0	0	0
01:05:00	3900	0	0	0	0	0	0	0	0	0	0	0	0	0	0	0	0	0	0	0	0	0	0	0	0
01:10:00	4200	0	0	0	0	0	0	0	0	0	0	0	0	0	0	0	0	0	0	0	0	0	0	0	0
01:15:00	4500	0	0	0	0	0	0	0	0	0	0	0	0	0	0	0	0	0	0	0	0	0	0	0	0
01:20:00	4800	0	0	0	0	0	0	0	0	0	0	0	0	0	0	0	0	0	0	0	0	0	0	0	0
01:25:00	5100	0	0	0	0	0	0	0	0	0	0	0	0	0	0	0	0	0	0	0	0	0	0	0	0
01:30:00	5400	0	0	0	0	0	0	0	0	0	0	0	0	0	0	0	0	0	0	0	0	0	0	0	0
01:35:00	5700	0	0	0	0	0	0	0	0	0	0	0	0	0	0	0	0	0	0	0	0	0	0	0	0
01:40:00	6000	0	0	0	0	0	0	0	0	0	0	0	0	0	0	0	0	0	0	0	0	0	0	0	0
01:45:00	6300	0	0	0	0	0	0	0	0	0	0	0	0	0	0	0	0	0	0	0	0	0	0	0	0
01:50:00	6600	0	0	0	0	0	0	0	0	0	0	0	0	0	0	0	0	0	0	0	0	0	0	0	0
01:55:00	6900	0	0	0	0	0	0	0	0	0	0	0	0	0	0	0	0	0	0	0	0	0	0	0	0
02:00:00	7200	0	0	0	0	0	0	0	0	0	0	0	0	0	0	0	0	0	0	0	0	0	0	0	0
02:05:00	7500	0	0	0	0	0	0	0	0	0	0	0	0	0	0	0	0	0	0	0	0	0	0	0	0
02:10:00	7800	0	0	0	0	0	0	0	0	0	0	0	0	0	0	0	0	0	0	0	0	0	0	0	0
02:15:00	8100	0	0	0	0	0	0	0	0	0	0	0	0	0	0	0	0	0	0	0	0	0	0	0	0
02:20:00	8400	0	0	0	0	0	0	0	0	0	0	0	0	0	0	0	0	0	0	0	0	0	0	0	0
02:25:00	8700	0	0	0	0	0	0	0	0	0	0	0	0	0	0	0	0	0	0	0	0	0	0	0	0
02:30:00	9000	0	0	0	0	0	0	0	0	0	0	0	0	0	0	0	0	0	0	0	0	0	0	0	0
02:35:00	9300	0	0	0	0	0	0	0	0	0	0	0	0	0	0	0	0	0	0	0	0	0	0	0	0
02:40:00	9600	0	0	0	0	0	0	0	0	0	0	0	0	0	0	0	0	0	0	0	0	0	0	0	0
02:45:00	9900	0	0	0	0	0	0	0	0	0	0	0	0	0	0	0	0	0	0	0	0	0	0	0	0
02:50:00	10200	0	0	0	0	0	0	0	0	0	0	0	0	0	0	0	0	0	0	0	0	0	0	0	0
02:55:00	10500	0	0	0	0	0	0	0	0	0	0	0	0	0	0	0	0	0	0	0	0	0	0	0	0
03:00:00	10800	0	0	0	0	0	0	0	0	0	0	0	0	0	0	0	0	0	0	0	0	0	0	0	0
03:05:00	11100	0	0	0	0	0	0	0	0	0	0	0	0	0	0	0	0	0	0	0	0	0	0	0	0
03:10:00	11400	0	0	0	0	0	0	0	0	0	0	0	0	0	0	0	0	0	0	0	0	0	0	0	0
03:15:00	11700	0	0	0	0	0	0	0	0	0	0	0	0	0	0	0	0	0	0	0	0	0	0	0	0
03:20:00	12000	0	0	0	0	0	0	0	0	0	0	0	0	0	0	0	0	0	0	0	0	0	0	0	0
03:25:00	12300	0	0	0	0	0	0	0	0	0	0	0	0	0	0	0	0	0	0	0	0	0	0	0	0
03:30:00	12600	0	0	0	0	0	0	0	0	0	0	0	0	0	0	0	0	0	0	0	0	0	0	0	0
03:35:00	12900	0	0	0	0	0	0	0	0	0	0	0	0	0	0	0	0	0	0	0	0	0	0	0	0
03:40:00	13200	0	0	0	0	0	0	0	0	0	0	0	0	0	0	0	0	0	0	0	0	0	0	0	0
03:45:00	13500	0	0	0	0	0	0	0	0	0	0	0	0	0	0	0	0	0	0	0	0	0	0	0	0
03:50:00	13800	0	0	0	0	0	0	0	0	0	0	0	0	0	0	0	0	0	0	0	0	0	0	0	0
03:55:00	14100	0	0	0	0	0	0	0	0	0	0	0	0	0	0	0	0	0	0	0	0	0	0	0	0
04:00:00	14400	0	0	0	0	0	0	0	0	0	0	0	0	0	0	0	0	0	0	0	0	0	0	0	0
04:05:00	14700	0	0	0	0	0	0	0	0	0	0	0	0	0	0	0	0	0	0	0	0	0	0	0	0
04:10:00	15000	0	0	0	0	0	0	0	0	0	0	0	0	0	0	0	0	0	0	0	0	0	0	0	0
04:15:00	15300	0	0	0	0	0	0	0	0	0	0	0	0	0	0	0	0	0	0	0	0	0	0	0	0
04:20:00	15600	0	0	0	0	0	0	0	0	0	0	0	0	0	0	0	0	0	0	0	0	0	0	0	0
04:25:00	15900	0	0	0	0	0	0	0	0	0	0	0	0	0	0	0	0	0	0	0	0	0	0	0	0
04:30:00	16200	0	0	0	0	0	0	0	0	0	0	0	0	0	0	0	0	0	0	0	0	0	0	0	0
04:35:00	16500	0	0	0	0	0	0	0	0	0	0	0	0	0	0	0	0	0	0	0	0	0	0	0	0
04:40:00	16800	0	0	0	0	0	0	0	0	0	0	0	0	0	0	0	0	0	0	0	0	0	0	0	0
04:45:00	17100	0	0	0	0	0	0	0	0	0	0	0	0	0	0	0	0	0	0	0	0	0	0	0	0
04:50:00	17400	0	0	0	0	0	0	0	0	0	0	0	0	0	0	0	0	0	0	0	0	0	0	0	0
04:55:00	17700	0	0	0	0	0	0	0	0	0	0	0	0	0	0	0	0	0	0	0	0	0	0	0	0
05:00:00	18000	0	0	0	0	0	0	0	0	0	0	0	0	0	0	0	0	0	0	0	0	0	0	0	0
05:05:00	18300	0	0	0	0	0	0	0	0	0	0	0	0	0	0	0	0	0	0	0	0	0	0	0	0
05:10:00	18600	0	0	0	0	0	0	0	0	0	0	0	0	0	0	0	0	0	0	0	0	0	0	0	0
05:15:00	18900	0	0	0	0	0	0	0	0	0	0	0	0	0	0	0	0	0	0	0	0	0	0	0	0
05:20:00	19200	0	0	0	0	0	0	0	0	0	0	0	0	0	0	0	0	0	0	0	0	0	0	0	0
05:25:00	19500	0	0	0	0	0	0	0	0	0	0	0	0	0	0	0	0	0	0	0	0	0	0	0	0
05:30:00	19800	0	0	0	0	0	0	0	0	0	0	0	0	0	0	0	0	0	0	0	0	0	0	0	0
05:35:00	20100	0	0	0	0	0	0	0	0	0	0	0	0	0	0	0	0	0	0	0	0	0	0	0	0
05:40:00	20400	0	0	0	0	0	0	0	0	0	0	0	0	0	0	0	0	0	0	0	0	0	0	0	0
05:45:00	20700	0	0	0	0	0	0	0	0	0	0	0	0	0	0	0	0	0	0	0	0	0	0	0	0
05:50:00	21000	0	0	0	0	0	0	0	0	0	0	0	0	0	0	0	0	0	0	0	0	0	0	0	0
05:55:00	21300	0	0	0	0	0	0	0	0	0	0	0	0	0	0	0	0	0	0	0	0	0	0	0	0
06:00:00	21600	0	0	0	0	0	0	0	0	0	0	0	0	0	0	0	0	0	0	0	0	0	0	0	0
06:05:00	21900	0	0	0	0	0	0	0	0	0	0	0	0	0	0	0	0	0	0	0	0	0	0	0	0
06:10:00	22200	0	0	0	0	0	0	0	0	0	0	0	0	0	0	0	0	0	0	0	0	0	0	0	0
06:15:00	22500	0	0	0	0	0	0	0	0	0	0	0	0	0	0	0	0	0	0	0	0	0	0	0	0
06:20:00	22800	0	0	0	0	0	0	0	0	0	0	0	0	0	0	0	0	0	0	0	0	0	0	0	0
06:25:00	23100	0	0	0	0	0	0	0	0	0	0	0	0	0	0	0	0	0	0	0	0	0	0	0	0
06:30:00	23400	0	0	0	0	0	0	0	0	0	0	0	0	0	0	0	0	0	0	0	0	0	0	0	0
06:35:00	23700	1	0	0	1	1	0	0	1	0	0	0	0	0	0	0	0	0	0	0	0	0	0	0	0
06:40:00	24000	1	0	0	2	1	0	0	2	0	0	0	0	0	0	0	0	0	0	0	0	0	0	0	0
06:45:00	24300	0	1	0	1	0	1	0	1	0	0	0	0	0	0	0	0	0	0	0	0	0	0	0	0
06:50:00	24600	0	0	0	1	0	0	0	1	0	0	0	0	0	0	0	0	0	0	0	0	0	0	0	0
06:55:00	24900	1	1	0	1	1	1	0	1	0	0	0	0	0	0	0	0	0	0	0	0	0	0	0	0
07:00:00	25200	0	0	0	1	0	0	0	1	0	0	0	0	0	0	0	0	0	0	0	0	0	0	0	0
07:05:00	25500	2	0	0	3	2	0	0	3	0	0	0	0	0	0	0	0	0	0	0	0	0	0	0	0
07:10:00	25800	6	1	0	8	6	1	0	8	0	0	0	0	0	0	0	0	0	0	0	0	0	0	0	0
07:15:00	26100	14	0	0	22	14	0	0	22	0	0	0	0	0	0	0	0	0	0	0	0	0	0	0	0
07:20:00	26400	25	2	0	45	25	2	0	45	0	0	0	0	0	0	0	0	0	0	0	0	0	0	0	0
07:25:00	26700	36	6	0	75	36	6	0	75	0	0	0	0	0	0	0	0	0	0	0	0	0	0	0	0
07:30:00	27000	49	9	0	115	49	9	0	115	0	0	0	0	0	0	0	0	0	0	0	0	0	0	0	0
07:35:00	27300	73	11	0	177	72	11	0	176	0	0	0	0	1	0	0	1	0	0	0	0	0	0	0	0
07:40:00	27600	103	29	0	251	103	29	0	250	0	0	0	0	0	0	0	1	0	0	0	0	0	0	0	0
07:45:00	27900	118	39	0	330	118	39	0	329	0	0	0	0	0	0	0	1	0	0	0	0	0	0	0	0
07:50:00	28200	157	41	0	446	155	41	0	443	0	0	0	0	0	0	0	1	2	0	0	2	0	0	0	0
07:55:00	28500	259	53	0	652	258	52	0	649	0	0	0	0	1	1	0	1	0	0	0	2	0	0	0	0
08:00:00	28800	272	84	0	840	270	83	0	836	1	0	0	1	0	1	0	0	1	0	0	3	0	0	0	0
08:05:00	29100	372	66	0	1146	367	66	0	1137	2	0	0	3	1	0	0	1	2	0	0	5	0	0	0	0
08:10:00	29400	367	130	0	1383	364	130	0	1371	0	0	0	3	3	0	0	4	0	0	0	5	0	0	0	0
08:15:00	29700	424	152	0	1655	420	150	0	1641	1	0	0	4	0	2	0	2	3	0	0	8	0	0	0	0
08:20:00	30000	392	133	0	1914	384	132	0	1893	3	0	0	7	1	1	0	2	4	0	0	12	0	0	0	0
08:25:00	30300	475	204	0	2185	468	202	0	2159	0	1	0	6	0	1	0	1	5	0	0	17	2	0	0	2
08:30:00	30600	406	193	0	2398	393	191	0	2361	0	1	0	5	1	1	0	1	9	0	0	26	3	0	0	5
08:35:00	30900	459	202	0	2655	452	201	0	2612	0	0	0	5	0	0	0	1	6	1	0	31	1	0	0	6
08:40:00	31200	404	201	0	2858	395	195	0	2812	0	1	0	4	1	1	0	1	8	2	0	37	0	2	0	4
08:45:00	31500	402	231	0	3029	394	226	0	2980	0	0	0	4	0	0	0	1	8	4	0	41	0	1	0	3
08:50:00	31800	405	258	0	3176	392	253	0	3119	0	0	0	4	1	1	0	1	12	1	0	52	0	3	0	0
08:55:00	32100	350	229	0	3297	343	224	0	3238	0	0	0	4	1	1	0	1	6	3	0	55	0	1	0	-1
09:00:00	32400	337	244	0	3390	326	239	0	3325	0	0	0	4	2	0	0	3	9	5	0	59	0	0	0	-1
09:05:00	32700	309	252	0	3447	293	245	0	3373	0	0	0	4	0	0	0	3	16	7	0	68	0	0	0	-1
09:10:00	33000	301	258	0	3490	295	251	0	3417	0	0	0	4	0	2	0	1	6	5	0	69	0	0	0	-1
09:15:00	33300	239	250	0	3479	228	246	0	3399	0	0	0	4	2	2	0	1	9	2	0	76	0	0	0	-1
09:20:00	33600	207	243	0	3443	201	233	0	3367	0	0	0	4	0	0	0	1	6	10	0	72	0	0	0	-1
09:25:00	33900	198	277	0	3364	185	269	0	3283	0	0	0	4	1	0	0	2	12	8	0	76	0	0	0	-1
09:30:00	34200	178	261	0	3281	171	248	0	3206	2	0	0	6	0	2	0	0	5	11	0	70	0	0	0	-1
09:35:00	34500	169	217	0	3233	163	206	0	3163	1	0	0	7	0	0	0	0	5	11	0	64	0	0	0	-1
09:40:00	34800	139	252	0	3120	133	234	0	3062	1	0	0	8	1	1	0	0	4	17	0	51	0	0	0	-1
09:45:00	35100	120	232	0	3008	113	220	0	2955	0	0	0	8	2	0	0	2	5	12	0	44	0	0	0	-1
09:50:00	35400	100	238	0	2870	94	229	0	2820	1	0	0	9	0	0	0	2	5	9	0	40	0	0	0	-1
09:55:00	35700	90	222	0	2738	87	209	0	2698	1	0	0	10	0	0	0	2	2	13	0	29	0	0	0	-1
10:00:00	36000	77	241	0	2574	67	227	0	2538	0	0	0	10	1	1	0	2	9	13	0	25	0	0	0	-1
10:05:00	36300	64	254	0	2384	61	243	0	2356	0	0	0	10	0	0	0	2	2	11	0	16	1	0	0	0
10:10:00	36600	73	190	0	2267	65	184	0	2237	0	0	0	10	1	0	0	3	6	6	0	16	1	0	0	1
10:15:00	36900	35	175	0	2127	33	166	0	2104	0	1	0	9	2	2	0	3	0	6	0	10	0	0	0	1
10:20:00	37200	41	215	0	1953	33	201	0	1936	0	3	0	6	0	1	0	2	8	10	0	8	0	0	0	1
10:25:00	37500	46	179	0	1820	42	173	0	1805	0	0	0	6	0	1	0	1	4	5	0	7	0	0	0	1
10:30:00	37800	33	169	0	1684	29	165	0	1669	0	0	0	6	0	0	0	1	3	4	0	6	1	0	0	2
10:35:00	38100	28	162	0	1550	23	157	0	1535	0	1	0	5	1	0	0	2	4	3	0	7	0	1	0	1
10:40:00	38400	31	194	0	1387	30	193	0	1372	0	0	0	5	0	0	0	2	0	1	0	6	1	0	0	2
10:45:00	38700	35	148	0	1274	30	143	0	1259	0	0	0	5	1	1	0	2	3	3	0	6	1	1	0	2
10:50:00	39000	43	150	0	1167	40	148	0	1151	0	0	0	5	2	0	0	4	1	2	0	5	0	0	0	2
10:55:00	39300	37	140	0	1064	32	135	0	1048	0	0	0	5	2	2	0	4	3	3	0	5	0	0	0	2
11:00:00	39600	42	117	0	989	36	112	0	972	0	0	0	5	1	1	0	4	5	4	0	6	0	0	0	2
11:05:00	39900	36	119	0	906	32	113	0	891	0	0	0	5	2	3	0	3	2	3	0	5	0	0	0	2
11:10:00	40200	31	124	0	813	27	118	0	800	0	0	0	5	1	2	0	2	2	2	0	5	1	2	0	1
11:15:00	40500	46	91	0	768	40	85	0	755	0	0	0	5	1	1	0	2	5	5	0	5	0	0	0	1
11:20:00	40800	57	92	0	733	52	91	0	716	0	0	0	5	0	0	0	2	5	1	0	9	0	0	0	1
11:25:00	41100	30	69	0	694	24	66	0	674	0	0	0	5	2	0	0	4	4	3	0	10	0	0	0	1
11:30:00	41400	39	74	0	659	34	72	0	636	0	0	0	5	3	2	0	5	2	0	0	12	0	0	0	1
11:35:00	41700	38	78	0	619	34	77	0	593	0	0	0	5	3	1	0	7	1	0	0	13	0	0	0	1
11:40:00	42000	34	64	0	589	30	60	0	563	0	0	0	5	3	3	0	7	1	1	0	13	0	0	0	1
11:45:00	42300	55	50	0	594	49	44	0	568	0	0	0	5	1	2	0	6	4	4	0	13	1	0	0	2
11:50:00	42600	59	51	0	602	53	42	0	579	0	0	0	5	1	2	0	5	5	7	0	11	0	0	0	2
11:55:00	42900	51	54	0	599	45	50	0	574	0	0	0	5	1	3	0	3	5	1	0	15	0	0	0	2
12:00:00	43200	28	81	0	546	26	79	0	521	0	0	0	5	1	1	0	3	0	1	0	14	1	0	0	3
12:05:00	43500	54	52	0	548	46	46	0	521	0	0	0	5	1	0	0	4	6	5	0	15	1	1	0	3
12:10:00	43800	63	52	0	559	53	46	0	528	0	0	0	5	2	1	0	5	5	4	0	16	3	1	0	5
12:15:00	44100	50	43	0	566	44	39	0	533	0	0	0	5	3	2	0	6	2	2	0	16	1	0	0	6
12:20:00	44400	59	52	0	573	47	45	0	535	0	0	0	5	1	1	0	6	8	4	0	20	3	2	0	7
12:25:00	44700	50	51	0	572	38	45	0	528	0	0	0	5	4	3	0	7	8	3	0	25	0	0	0	7
12:30:00	45000	45	62	0	555	37	55	0	510	0	0	0	5	4	1	0	10	4	4	0	25	0	2	0	5
12:35:00	45300	58	53	0	560	43	47	0	506	0	0	0	5	5	3	0	12	9	3	0	31	1	0	0	6
12:40:00	45600	70	41	0	589	60	33	0	533	0	0	0	5	3	4	0	11	6	2	0	35	1	2	0	5
12:45:00	45900	56	66	0	579	47	56	0	524	0	0	0	5	3	4	0	10	6	4	0	37	0	2	0	3
12:50:00	46200	76	52	0	603	66	47	0	543	0	0	0	5	6	2	0	14	3	3	0	37	1	0	0	4
12:55:00	46500	46	81	0	568	37	69	0	511	0	0	0	5	0	5	0	9	9	4	0	42	0	3	0	1
13:00:00	46800	59	58	0	569	40	42	0	509	0	0	0	5	5	5	0	9	12	11	0	43	2	0	0	3
13:05:00	47100	69	48	0	590	56	38	0	527	0	0	0	5	1	4	0	6	10	6	0	47	2	0	0	5
13:10:00	47400	74	36	0	628	66	31	0	562	0	0	0	5	2	3	0	5	5	1	0	51	1	1	0	5
13:15:00	47700	77	55	0	650	66	42	0	586	0	0	0	5	0	1	0	4	10	12	0	49	1	0	0	6
13:20:00	48000	51	71	0	630	30	62	0	554	0	0	0	5	1	1	0	4	19	7	0	61	1	1	0	6
13:25:00	48300	79	58	0	651	62	47	0	569	0	0	0	5	4	3	0	5	12	7	0	66	1	1	0	6
13:30:00	48600	69	53	0	667	52	46	0	575	0	0	0	5	4	1	0	8	10	6	0	70	3	0	0	9
13:35:00	48900	65	62	0	670	46	55	0	566	0	0	0	5	5	1	0	12	11	6	0	75	3	0	0	12
13:40:00	49200	83	59	0	694	59	44	0	581	0	0	0	5	5	4	0	13	17	11	0	81	2	0	0	14
13:45:00	49500	54	60	0	688	37	46	0	572	0	0	0	5	3	4	0	12	12	10	0	83	2	0	0	16
13:50:00	49800	83	73	0	698	67	65	0	574	0	0	0	5	3	3	0	12	9	5	0	87	4	0	0	20
13:55:00	50100	77	75	0	700	51	61	0	564	0	0	0	5	7	4	0	15	13	10	0	90	6	0	0	26
14:00:00	50400	64	70	0	694	37	56	0	545	0	0	0	5	5	4	0	16	16	10	0	96	6	0	0	32
14:05:00	50700	83	57	0	720	64	37	0	572	1	0	0	6	4	4	0	16	8	11	0	93	6	5	0	33
14:10:00	51000	83	57	0	746	66	42	0	596	0	0	0	6	1	3	0	14	11	8	0	96	5	4	0	34
14:15:00	51300	78	76	0	748	58	58	0	596	0	0	0	6	1	4	0	11	18	7	0	107	1	7	0	28
14:20:00	51600	78	71	0	755	54	45	0	605	0	0	0	6	5	3	0	13	13	19	0	101	6	4	0	30
14:25:00	51900	84	85	0	754	54	59	0	600	0	0	0	6	3	4	0	12	21	18	0	104	6	4	0	32
14:30:00	52200	102	76	0	780	78	55	0	623	0	0	0	6	5	5	0	12	16	11	0	109	3	5	0	30
14:35:00	52500	82	78	0	784	50	57	0	616	0	0	0	6	7	2	0	17	20	14	0	115	5	5	0	30
14:40:00	52800	108	80	0	812	77	55	0	638	0	0	0	6	4	3	0	18	24	16	0	123	3	6	0	27
14:45:00	53100	83	66	0	829	52	49	0	641	0	0	0	6	6	3	0	21	21	11	0	133	4	3	0	28
14:50:00	53400	108	89	0	848	70	64	0	647	0	0	0	6	3	3	0	21	33	18	0	148	2	4	0	26
14:55:00	53700	87	99	0	836	58	76	0	629	0	0	0	6	6	5	0	22	22	11	0	159	1	7	0	20
15:00:00	54000	89	67	0	858	59	44	0	644	0	1	0	5	3	3	0	22	24	15	0	168	3	4	0	19
15:05:00	54300	86	82	0	862	57	58	0	643	0	0	0	5	3	5	0	20	23	17	0	174	3	2	0	20
15:10:00	54600	77	79	0	860	46	58	0	631	0	0	0	5	3	4	0	19	22	15	0	181	6	2	0	24
15:15:00	54900	85	78	0	867	55	55	0	631	0	0	0	5	3	6	0	16	23	15	0	189	4	2	0	26
15:20:00	55200	76	78	0	865	46	49	0	628	0	0	0	5	3	4	0	15	24	22	0	191	3	3	0	26
15:25:00	55500	66	75	0	856	39	53	0	614	0	0	0	5	3	3	0	15	20	18	0	193	4	1	0	29
15:30:00	55800	78	80	0	854	25	60	0	579	0	0	0	5	7	3	0	19	35	16	0	212	11	1	0	39
15:35:00	56100	97	76	0	875	51	46	0	584	0	0	0	5	7	7	0	19	33	23	0	222	6	0	0	45
15:40:00	56400	98	94	0	879	57	61	0	580	0	0	0	5	6	2	0	23	31	30	0	223	4	1	0	48
15:45:00	56700	95	72	0	902	50	40	0	590	0	0	0	5	9	4	0	28	25	28	0	220	11	0	0	59
15:50:00	57000	109	69	0	942	46	41	0	595	1	0	0	6	16	9	0	35	37	19	0	238	9	0	0	68
15:55:00	57300	92	75	0	959	48	45	0	598	0	0	0	6	9	5	0	39	26	25	0	239	9	0	0	77
16:00:00	57600	102	81	0	980	48	48	0	598	0	0	0	6	9	8	0	40	31	23	0	247	14	2	0	89
16:05:00	57900	96	106	0	970	49	57	0	590	0	0	0	6	8	13	0	35	28	24	0	251	11	12	0	88
16:10:00	58200	116	102	0	984	53	55	0	588	0	0	0	6	12	5	0	42	36	31	0	256	15	11	0	92
16:15:00	58500	105	107	0	982	52	55	0	585	0	0	0	6	15	9	0	48	37	37	0	256	1	6	0	87
16:20:00	58800	100	112	0	970	49	60	0	574	0	0	0	6	10	9	0	49	31	28	0	259	10	15	0	82
16:25:00	59100	120	93	0	997	46	49	0	571	0	0	0	6	9	13	0	45	55	25	0	289	10	6	0	86
16:30:00	59400	118	112	0	1003	56	59	0	568	0	0	0	6	12	11	0	46	44	29	0	304	6	13	0	79
16:35:00	59700	121	90	0	1034	71	49	0	590	0	0	0	6	12	13	0	45	34	20	0	318	4	8	0	75
16:40:00	60000	115	115	0	1034	59	57	0	592	0	0	0	6	12	12	0	45	37	41	0	314	7	5	0	77
16:45:00	60300	120	99	0	1055	77	53	0	616	0	0	0	6	11	7	0	49	29	24	0	319	3	15	0	65
16:50:00	60600	155	138	0	1072	110	73	0	653	0	0	0	6	8	11	0	46	34	41	0	312	3	13	0	55
16:55:00	60900	155	112	0	1115	94	60	0	687	0	0	0	6	15	15	0	46	40	27	0	325	6	10	0	51
17:00:00	61200	144	110	0	1149	95	59	0	723	0	0	0	6	12	10	0	48	32	32	0	325	5	9	0	47
17:05:00	61500	143	117	0	1175	107	64	0	766	0	0	0	6	7	12	0	43	24	36	0	313	5	5	0	47
17:10:00	61800	223	117	0	1281	169	64	0	871	0	0	0	6	12	8	0	47	33	40	0	306	9	5	0	51
17:15:00	62100	140	145	0	1276	97	79	0	889	0	0	0	6	11	12	0	46	30	52	0	284	2	2	0	51
17:20:00	62400	210	130	0	1356	168	79	0	978	0	0	0	6	13	10	0	49	26	38	0	272	3	3	0	51
17:25:00	62700	257	136	0	1477	192	88	0	1082	0	0	0	6	22	13	0	58	40	33	0	279	3	2	0	52
17:30:00	63000	191	151	0	1517	147	112	0	1117	0	0	0	6	16	9	0	65	25	30	0	274	3	0	0	55
17:35:00	63300	277	176	0	1618	208	127	0	1198	0	0	0	6	17	10	0	72	43	37	0	280	9	2	0	62
17:40:00	63600	248	152	0	1714	178	103	0	1273	0	0	0	6	18	13	0	77	41	35	0	286	11	1	0	72
17:45:00	63900	266	181	0	1799	212	127	0	1358	1	0	0	7	16	17	0	76	29	36	0	279	8	1	0	79
17:50:00	64200	298	156	0	1941	230	110	0	1478	2	0	0	9	12	14	0	74	44	31	0	292	10	1	0	88
17:55:00	64500	319	195	0	2065	247	148	0	1577	1	0	0	10	19	13	0	80	41	34	0	299	11	0	0	99
18:00:00	64800	290	201	0	2154	224	148	0	1653	2	0	0	12	14	19	0	75	39	31	0	307	11	3	0	107
18:05:00	65100	347	197	0	2304	287	143	0	1797	0	0	0	12	12	16	0	71	37	28	0	316	11	10	0	108
18:10:00	65400	278	228	0	2354	215	163	0	1849	0	1	0	11	19	11	0	79	37	36	0	317	7	17	0	98
18:15:00	65700	304	235	0	2423	247	185	0	1911	0	0	0	11	10	10	0	79	41	29	0	329	6	11	0	93
18:20:00	66000	365	248	0	2540	304	189	0	2026	0	0	0	11	13	11	0	81	40	36	0	333	8	12	0	89
18:25:00	66300	314	279	0	2575	240	200	0	2066	1	0	0	12	15	23	0	73	47	46	0	334	11	10	0	90
18:30:00	66600	333	276	0	2632	244	217	0	2093	0	0	0	12	20	14	0	79	53	37	0	350	16	8	0	98
18:35:00	66900	314	290	0	2656	246	225	0	2114	0	0	0	12	16	14	0	81	44	42	0	352	8	9	0	97
18:40:00	67200	295	278	0	2673	228	207	0	2135	0	2	0	10	12	18	0	75	49	39	0	362	6	12	0	91
18:45:00	67500	362	298	0	2737	296	228	0	2203	0	1	0	9	14	15	0	74	44	43	0	363	8	11	0	88
18:50:00	67800	386	294	0	2829	295	240	0	2258	0	0	0	9	16	14	0	76	72	27	0	408	3	13	0	78
18:55:00	68100	241	291	0	2779	185	207	0	2236	0	0	0	9	12	22	0	66	43	58	0	393	1	4	0	75
19:00:00	68400	297	343	0	2733	239	268	0	2207	0	0	0	9	10	19	0	57	42	50	0	385	6	6	0	75
19:05:00	68700	289	346	0	2676	214	286	0	2135	0	0	0	9	13	12	0	58	56	43	0	398	6	5	0	76
19:10:00	69000	337	323	0	2690	259	256	0	2138	0	0	0	9	16	16	0	58	49	48	0	399	13	3	0	86
19:15:00	69300	354	310	0	2734	289	266	0	2161	0	0	0	9	9	10	0	57	52	31	0	420	4	3	0	87
19:20:00	69600	256	314	0	2676	193	262	0	2092	0	0	0	9	4	8	0	53	52	40	0	432	7	4	0	90
19:25:00	69900	248	294	0	2630	158	231	0	2019	0	0	0	9	14	11	0	56	67	48	0	451	9	4	0	95
19:30:00	70200	248	317	0	2561	179	248	0	1950	0	0	0	9	18	18	0	56	39	47	0	443	12	4	0	103
19:35:00	70500	260	332	0	2489	176	267	0	1859	0	0	0	9	9	12	0	53	65	51	0	457	10	2	0	111
19:40:00	70800	317	297	0	2509	249	230	0	1878	0	0	0	9	13	11	0	55	50	53	0	454	5	3	0	113
19:45:00	71100	285	282	0	2512	207	222	0	1863	0	0	0	9	17	12	0	60	53	48	0	459	8	0	0	121
19:50:00	71400	212	266	0	2458	126	205	0	1784	2	0	0	11	13	10	0	63	57	51	0	465	14	0	0	135
19:55:00	71700	205	280	0	2383	126	218	0	1692	0	0	0	11	12	14	0	61	57	46	0	476	10	2	0	143
20:00:00	72000	219	245	0	2357	139	189	0	1642	0	0	0	11	16	13	0	64	51	43	0	484	13	0	0	156
20:05:00	72300	269	292	0	2334	192	208	0	1626	0	0	0	11	13	11	0	66	56	60	0	480	8	13	0	151
20:10:00	72600	273	297	0	2310	181	206	0	1601	1	0	0	12	16	17	0	65	62	51	0	491	13	23	0	141
20:15:00	72900	187	247	0	2250	123	166	0	1558	1	0	0	13	10	15	0	60	48	56	0	483	5	10	0	136
20:20:00	73200	194	264	0	2180	130	188	0	1500	0	0	0	13	11	7	0	64	47	50	0	480	6	19	0	123
20:25:00	73500	169	233	0	2116	102	162	0	1440	1	0	0	14	8	10	0	62	49	53	0	476	9	8	0	124
20:30:00	73800	211	291	0	2036	120	199	0	1361	0	1	0	13	18	12	0	68	66	67	0	475	7	12	0	119
20:35:00	74100	226	261	0	2001	161	187	0	1335	0	0	0	13	17	11	0	74	41	47	0	469	7	16	0	110
20:40:00	74400	160	232	0	1929	98	155	0	1278	0	0	0	13	8	11	0	71	50	48	0	471	4	18	0	96
20:45:00	74700	131	216	0	1844	68	142	0	1204	0	0	0	13	9	11	0	69	50	49	0	472	4	14	0	86
20:50:00	75000	128	242	0	1730	71	157	0	1118	0	0	0	13	8	15	0	62	46	60	0	458	3	10	0	79
20:55:00	75300	134	209	0	1655	76	142	0	1052	0	0	0	13	11	10	0	63	45	54	0	449	2	3	0	78
21:00:00	75600	133	229	0	1559	87	152	0	987	0	0	0	13	15	15	0	63	31	54	0	426	0	8	0	70
21:05:00	75900	164	201	0	1522	120	135	0	972	0	0	0	13	9	13	0	59	33	47	0	412	2	6	0	66
21:10:00	76200	120	155	0	1487	60	89	0	943	0	0	0	13	8	12	0	55	50	46	0	416	2	8	0	60
21:15:00	76500	123	160	0	1450	52	103	0	892	0	0	0	13	11	8	0	58	54	46	0	424	6	3	0	63
21:20:00	76800	109	171	0	1388	50	109	0	833	0	0	0	13	18	9	0	67	38	51	0	411	3	2	0	64
21:25:00	77100	154	170	0	1372	75	115	0	793	2	0	0	15	15	9	0	73	53	45	0	419	9	1	0	72
21:30:00	77400	136	161	0	1347	85	96	0	782	0	0	0	15	11	12	0	72	37	52	0	404	3	1	0	74
21:35:00	77700	118	140	0	1325	62	88	0	756	1	0	0	16	7	12	0	67	42	40	0	406	6	0	0	80
21:40:00	78000	110	148	0	1287	37	87	0	706	0	0	0	16	12	13	0	66	54	45	0	415	7	3	0	84
21:45:00	78300	105	124	0	1268	51	68	0	689	0	0	0	16	10	10	0	66	38	45	0	408	6	1	0	89
21:50:00	78600	85	166	0	1187	37	108	0	618	0	1	0	15	13	12	0	67	30	42	0	396	5	3	0	91
21:55:00	78900	98	144	0	1141	47	77	0	588	0	0	0	15	9	16	0	60	35	48	0	383	7	3	0	95
22:00:00	79200	111	136	0	1116	58	84	0	562	2	0	0	17	8	11	0	57	36	37	0	382	7	4	0	98
22:05:00	79500	77	109	0	1084	25	66	0	521	0	0	0	17	8	11	0	54	41	29	0	394	3	3	0	98
22:10:00	79800	65	131	0	1018	19	59	0	481	0	0	0	17	5	13	0	46	33	47	0	380	8	12	0	94
22:15:00	80100	85	115	0	988	31	58	0	454	0	0	0	17	7	11	0	42	38	40	0	378	9	6	0	97
22:20:00	80400	82	125	0	945	24	52	0	426	0	0	0	17	9	11	0	40	40	51	0	367	9	11	0	95
22:25:00	80700	72	102	0	915	32	40	0	418	0	0	0	17	6	13	0	33	29	42	0	354	5	7	0	93
22:30:00	81000	66	112	0	869	23	53	0	388	0	1	0	16	9	11	0	31	32	42	0	344	2	5	0	90
22:35:00	81300	61	101	0	829	17	61	0	344	0	0	0	16	4	8	0	27	37	28	0	353	3	4	0	89
22:40:00	81600	72	106	0	795	15	47	0	312	0	0	0	16	10	4	0	33	40	44	0	349	7	11	0	85
22:45:00	81900	69	83	0	781	20	31	0	301	0	0	0	16	11	7	0	37	35	37	0	347	3	8	0	80
22:50:00	82200	70	105	0	746	25	38	0	288	0	0	0	16	5	7	0	35	39	50	0	336	1	10	0	71
22:55:00	82500	55	86	0	715	16	22	0	282	0	2	0	14	2	6	0	31	36	50	0	322	1	6	0	66
23:00:00	82800	48	72	0	691	6	31	0	257	0	0	0	14	8	4	0	35	31	31	0	322	3	6	0	63
23:05:00	83100	50	87	0	654	7	33	0	231	0	0	0	14	6	8	0	33	31	34	0	319	6	12	0	57
23:10:00	83400	50	76	0	628	11	23	0	219	0	0	0	14	9	9	0	33	27	38	0	308	3	6	0	54
23:15:00	83700	52	89	0	591	9	35	0	193	0	0	0	14	11	8	0	36	30	44	0	294	2	2	0	54
23:20:00	84000	49	60	0	580	15	23	0	185	0	0	0	14	8	6	0	38	26	29	0	291	0	2	0	52
23:25:00	84300	44	79	0	545	10	33	0	162	0	0	0	14	3	10	0	31	22	30	0	283	9	6	0	55
23:30:00	84600	44	51	0	538	6	18	0	150	0	0	0	14	3	2	0	32	30	30	0	283	5	1	0	59
23:35:00	84900	43	71	0	510	6	21	0	135	1	0	0	15	8	8	0	32	24	37	0	270	4	5	0	58
23:40:00	85200	51	63	0	498	8	20	0	123	0	0	0	15	4	10	0	26	35	30	0	275	4	3	0	59
23:45:00	85500	41	57	0	482	7	17	0	113	0	0	0	15	6	6	0	26	24	29	0	270	4	5	0	58
23:50:00	85800	31	57	0	456	6	18	0	101	0	0	0	15	3	4	0	25	21	34	0	257	1	1	0	58
23:55:00	86100	41	45	0	452	4	11	0	94	0	0	0	15	12	5	0	32	20	28	0	249	5	1	0	62
24:00:00	86400	705	63	0	1094	42	16	0	120	0	0	0	15	66	5	0	93	592	40	0	801	5	2	0	65
24:05:00	86700	43	58	0	1079	1	13	0	108	0	0	0	15	26	10	0	109	16	30	0	787	0	5	0	60
24:10:00	87000	31	77	0	1033	0	17	0	91	0	0	0	15	19	14	0	114	12	39	0	760	0	7	0	53
24:15:00	87300	13	80	0	966	0	10	0	81	0	0	0	15	10	9	0	115	3	55	0	708	0	6	0	47
24:20:00	87600	21	108	0	879	0	14	0	67	0	0	0	15	13	27	0	101	8	56	0	660	0	11	0	36
24:25:00	87900	21	117	0	783	0	9	0	58	0	0	0	15	17	17	0	101	4	85	0	579	0	6	0	30
24:30:00	88200	8	88	0	703	0	7	0	51	0	0	0	15	6	18	0	89	2	60	0	521	0	3	0	27
24:35:00	88500	10	110	0	603	0	11	0	40	0	1	0	14	9	15	0	83	1	78	0	444	0	5	0	22
24:40:00	88800	12	87	0	528	0	5	0	35	0	0	0	14	9	14	0	78	3	65	0	382	0	3	0	19
24:45:00	89100	6	80	0	454	0	6	0	29	0	0	0	14	6	15	0	69	0	57	0	325	0	2	0	17
24:50:00	89400	6	72	0	388	1	4	0	26	0	0	0	14	3	16	0	56	2	49	0	278	0	3	0	14
24:55:00	89700	9	65	0	332	0	1	0	25	0	0	0	14	5	18	0	43	4	45	0	237	0	1	0	13
25:00:00	90000	1	56	0	277	0	1	0	24	0	0	0	14	1	13	0	31	0	40	0	197	0	2	0	11
25:05:00	90300	6	55	0	228	0	0	0	24	0	0	0	14	4	8	0	27	2	46	0	153	0	1	0	10
25:10:00	90600	4	49	0	183	0	0	0	24	0	0	0	14	2	10	0	19	2	39	0	116	0	0	0	10
25:15:00	90900	4	49	0	138	0	3	0	21	0	0	0	14	0	6	0	13	4	40	0	80	0	0	0	10
25:20:00	91200	4	33	0	109	0	4	0	17	0	0	0	14	3	4	0	12	1	24	0	57	0	1	0	9
25:25:00	91500	2	22	0	89	0	2	0	15	0	0	0	14	2	4	0	10	0	16	0	41	0	0	0	9
25:30:00	91800	2	19	0	72	0	0	0	15	0	0	0	14	0	4	0	6	2	15	0	28	0	0	0	9
25:35:00	92100	0	16	0	56	0	1	0	14	0	0	0	14	0	2	0	4	0	13	0	15	0	0	0	9
25:40:00	92400	1	10	0	47	0	0	0	14	0	0	0	14	0	1	0	3	1	9	0	7	0	0	0	9
25:45:00	92700	0	9	0	38	0	1	0	13	0	0	0	14	0	2	0	1	0	5	0	2	0	1	0	8
25:50:00	93000	3	9	0	32	0	2	0	11	0	0	0	14	3	1	0	3	0	6	0	-4	0	0	0	8
25:55:00	93300	1	4	0	29	0	0	0	11	0	0	0	14	1	1	0	3	0	3	0	-7	0	0	0	8
26:00:00	93600	0	0	0	29	0	0	0	11	0	0	0	14	0	0	0	3	0	0	0	-7	0	0	0	8
26:05:00	93900	2	2	0	29	0	0	0	11	0	0	0	14	2	0	0	5	0	2	0	-9	0	0	0	8
26:10:00	94200	0	5	0	24	0	2	0	9	0	0	0	14	0	0	0	5	0	3	0	-12	0	0	0	8
26:15:00	94500	0	3	0	21	0	1	0	8	0	0	0	14	0	0	0	5	0	2	0	-14	0	0	0	8
26:20:00	94800	0	0	0	21	0	0	0	8	0	0	0	14	0	0	0	5	0	0	0	-14	0	0	0	8
26:25:00	95100	0	4	0	17	0	0	0	8	0	0	0	14	0	3	0	2	0	1	0	-15	0	0	0	8
26:30:00	95400	1	2	0	16	0	1	0	7	0	0	0	14	1	0	0	3	0	1	0	-16	0	0	0	8
26:35:00	95700	2	4	0	14	0	0	0	7	0	0	0	14	2	0	0	5	0	4	0	-20	0	0	0	8
26:40:00	96000	1	1	0	14	1	0	0	8	0	0	0	14	0	0	0	5	0	1	0	-21	0	0	0	8
26:45:00	96300	2	3	0	13	0	1	0	7	0	0	0	14	2	1	0	6	0	1	0	-22	0	0	0	8
26:50:00	96600	1	3	0	11	1	1	0	7	0	0	0	14	0	2	0	4	0	0	0	-22	0	0	0	8
26:55:00	96900	0	1	0	10	0	0	0	7	0	0	0	14	0	1	0	3	0	0	0	-22	0	0	0	8
27:00:00	97200	0	1	0	9	0	0	0	7	0	0	0	14	0	1	0	2	0	0	0	-22	0	0	0	8
27:05:00	97500	0	0	0	9	0	0	0	7	0	0	0	14	0	0	0	2	0	0	0	-22	0	0	0	8
27:10:00	97800	0	0	0	9	0	0	0	7	0	0	0	14	0	0	0	2	0	0	0	-22	0	0	0	8
27:15:00	98100	0	0	0	9	0	0	0	7	0	0	0	14	0	0	0	2	0	0	0	-22	0	0	0	8
27:20:00	98400	0	2	0	7	0	0	0	7	0	0	0	14	0	2	0	0	0	0	0	-22	0	0	0	8
27:25:00	98700	0	1	0	6	0	1	0	6	0	0	0	14	0	0	0	0	0	0	0	-22	0	0	0	8
27:30:00	99000	0	0	0	6	0	0	0	6	0	0	0	14	0	0	0	0	0	0	0	-22	0	0	0	8
27:35:00	99300	0	0	0	6	0	0	0	6	0	0	0	14	0	0	0	0	0	0	0	-22	0	0	0	8
27:40:00	99600	0	0	0	6	0	0	0	6	0	0	0	14	0	0	0	0	0	0	0	-22	0	0	0	8
27:45:00	99900	0	0	0	6	0	0	0	6	0	0	0	14	0	0	0	0	0	0	0	-22	0	0	0	8
27:50:00	100200	1	0	0	7	0	0	0	6	0	0	0	14	1	0	0	1	0	0	0	-22	0	0	0	8
27:55:00	100500	1	0	0	8	0	0	0	6	0	0	0	14	1	0	0	2	0	0	0	-22	0	0	0	8
28:00:00	100800	0	0	0	8	0	0	0	6	0	0	0	14	0	0	0	2	0	0	0	-22	0	0	0	8
28:05:00	101100	0	1	0	7	0	1	0	5	0	0	0	14	0	0	0	2	0	0	0	-22	0	0	0	8
28:10:00	101400	0	1	0	6	0	0	0	5	0	0	0	14	0	1	0	1	0	0	0	-22	0	0	0	8
28:15:00	101700	1	0	0	7	1	0	0	6	0	0	0	14	0	0	0	1	0	0	0	-22	0	0	0	8
28:20:00	102000	0	0	0	7	0	0	0	6	0	0	0	14	0	0	0	1	0	0	0	-22	0	0	0	8
28:25:00	102300	0	0	0	7	0	0	0	6	0	0	0	14	0	0	0	1	0	0	0	-22	0	0	0	8
28:30:00	102600	0	1	0	6	0	0	0	6	0	0	0	14	0	1	0	0	0	0	0	-22	0	0	0	8
28:35:00	102900	0	0	0	6	0	0	0	6	0	0	0	14	0	0	0	0	0	0	0	-22	0	0	0	8
28:40:00	103200	0	0	0	6	0	0	0	6	0	0	0	14	0	0	0	0	0	0	0	-22	0	0	0	8
28:45:00	103500	0	1	0	5	0	1	0	5	0	0	0	14	0	0	0	0	0	0	0	-22	0	0	0	8
28:50:00	103800	0	0	0	5	0	0	0	5	0	0	0	14	0	0	0	0	0	0	0	-22	0	0	0	8
28:55:00	104100	1	0	0	6	0	0	0	5	0	0	0	14	1	0	0	1	0	0	0	-22	0	0	0	8
29:00:00	104400	0	1	0	5	0	1	0	4	0	0	0	14	0	0	0	1	0	0	0	-22	0	0	0	8
29:05:00	104700	0	0	0	5	0	0	0	4	0	0	0	14	0	0	0	1	0	0	0	-22	0	0	0	8
29:10:00	105000	0	0	0	5	0	0	0	4	0	0	0	14	0	0	0	1	0	0	0	-22	0	0	0	8
29:15:00	105300	0	0	0	5	0	0	0	4	0	0	0	14	0	0	0	1	0	0	0	-22	0	0	0	8
29:20:00	105600	0	1	0	4	0	0	0	4	0	0	0	14	0	1	0	0	0	0	0	-22	0	0	0	8
29:25:00	105900	1	0	0	5	0	0	0	4	0	0	0	14	0	0	0	0	1	0	0	-21	0	0	0	8
29:30:00	106200	0	0	0	5	0	0	0	4	0	0	0	14	0	0	0	0	0	0	0	-21	0	0	0	8
29:35:00	106500	1	0	0	6	1	0	0	5	0	0	0	14	0	0	0	0	0	0	0	-21	0	0	0	8
29:40:00	106800	1	1	0	6	1	1	0	5	0	0	0	14	0	0	0	0	0	0	0	-21	0	0	0	8
29:45:00	107100	3	0	0	9	2	0	0	7	0	0	0	14	1	0	0	1	0	0	0	-21	0	0	0	8
29:50:00	107400	2	0	0	11	2	0	0	9	0	0	0	14	0	0	0	1	0	0	0	-21	0	0	0	8
29:55:00	107700	1	3	0	9	1	2	0	8	0	0	0	14	0	1	0	0	0	0	0	-21	0	0	0	8
30:00:00	108000	0	0	0	9	0	0	0	8	0	0	0	14	0	0	0	0	0	0	0	-21	0	0	0	8
30:05:00	108300	0	0	0	9	0	0	0	8	0	0	0	14	0	0	0	0	0	0	0	-21	0	0	0	8
