time	time	departures_all	arrivals_all	stuck_all	en-route_all	departures_car	arrivals_car	stuck_car	en-route_car	departures_drive_transit	arrivals_drive_transit	stuck_drive_transit	en-route_drive_transit	departures_ride_hail	arrivals_ride_hail	stuck_ride_hail	en-route_ride_hail	departures_walk	arrivals_walk	stuck_walk	en-route_walk	departures_walk_transit	arrivals_walk_transit	stuck_walk_transit	en-route_walk_transit
00:00:00	0	0	0	0	0	0	0	0	0	0	0	0	0	0	0	0	0	0	0	0	0	0	0	0	0
00:05:00	300	0	0	0	0	0	0	0	0	0	0	0	0	0	0	0	0	0	0	0	0	0	0	0	0
00:10:00	600	0	0	0	0	0	0	0	0	0	0	0	0	0	0	0	0	0	0	0	0	0	0	0	0
00:15:00	900	0	0	0	0	0	0	0	0	0	0	0	0	0	0	0	0	0	0	0	0	0	0	0	0
00:20:00	1200	0	0	0	0	0	0	0	0	0	0	0	0	0	0	0	0	0	0	0	0	0	0	0	0
00:25:00	1500	0	0	0	0	0	0	0	0	0	0	0	0	0	0	0	0	0	0	0	0	0	0	0	0
00:30:00	1800	0	0	0	0	0	0	0	0	0	0	0	0	0	0	0	0	0	0	0	0	0	0	0	0
00:35:00	2100	0	0	0	0	0	0	0	0	0	0	0	0	0	0	0	0	0	0	0	0	0	0	0	0
00:40:00	2400	0	0	0	0	0	0	0	0	0	0	0	0	0	0	0	0	0	0	0	0	0	0	0	0
00:45:00	2700	0	0	0	0	0	0	0	0	0	0	0	0	0	0	0	0	0	0	0	0	0	0	0	0
00:50:00	3000	0	0	0	0	0	0	0	0	0	0	0	0	0	0	0	0	0	0	0	0	0	0	0	0
00:55:00	3300	0	0	0	0	0	0	0	0	0	0	0	0	0	0	0	0	0	0	0	0	0	0	0	0
01:00:00	3600	0	0	0	0	0	0	0	0	0	0	0	0	0	0	0	0	0	0	0	0	0	0	0	0
01:05:00	3900	0	0	0	0	0	0	0	0	0	0	0	0	0	0	0	0	0	0	0	0	0	0	0	0
01:10:00	4200	0	0	0	0	0	0	0	0	0	0	0	0	0	0	0	0	0	0	0	0	0	0	0	0
01:15:00	4500	0	0	0	0	0	0	0	0	0	0	0	0	0	0	0	0	0	0	0	0	0	0	0	0
01:20:00	4800	0	0	0	0	0	0	0	0	0	0	0	0	0	0	0	0	0	0	0	0	0	0	0	0
01:25:00	5100	0	0	0	0	0	0	0	0	0	0	0	0	0	0	0	0	0	0	0	0	0	0	0	0
01:30:00	5400	0	0	0	0	0	0	0	0	0	0	0	0	0	0	0	0	0	0	0	0	0	0	0	0
01:35:00	5700	0	0	0	0	0	0	0	0	0	0	0	0	0	0	0	0	0	0	0	0	0	0	0	0
01:40:00	6000	0	0	0	0	0	0	0	0	0	0	0	0	0	0	0	0	0	0	0	0	0	0	0	0
01:45:00	6300	0	0	0	0	0	0	0	0	0	0	0	0	0	0	0	0	0	0	0	0	0	0	0	0
01:50:00	6600	0	0	0	0	0	0	0	0	0	0	0	0	0	0	0	0	0	0	0	0	0	0	0	0
01:55:00	6900	0	0	0	0	0	0	0	0	0	0	0	0	0	0	0	0	0	0	0	0	0	0	0	0
02:00:00	7200	0	0	0	0	0	0	0	0	0	0	0	0	0	0	0	0	0	0	0	0	0	0	0	0
02:05:00	7500	0	0	0	0	0	0	0	0	0	0	0	0	0	0	0	0	0	0	0	0	0	0	0	0
02:10:00	7800	0	0	0	0	0	0	0	0	0	0	0	0	0	0	0	0	0	0	0	0	0	0	0	0
02:15:00	8100	0	0	0	0	0	0	0	0	0	0	0	0	0	0	0	0	0	0	0	0	0	0	0	0
02:20:00	8400	0	0	0	0	0	0	0	0	0	0	0	0	0	0	0	0	0	0	0	0	0	0	0	0
02:25:00	8700	0	0	0	0	0	0	0	0	0	0	0	0	0	0	0	0	0	0	0	0	0	0	0	0
02:30:00	9000	0	0	0	0	0	0	0	0	0	0	0	0	0	0	0	0	0	0	0	0	0	0	0	0
02:35:00	9300	0	0	0	0	0	0	0	0	0	0	0	0	0	0	0	0	0	0	0	0	0	0	0	0
02:40:00	9600	0	0	0	0	0	0	0	0	0	0	0	0	0	0	0	0	0	0	0	0	0	0	0	0
02:45:00	9900	0	0	0	0	0	0	0	0	0	0	0	0	0	0	0	0	0	0	0	0	0	0	0	0
02:50:00	10200	0	0	0	0	0	0	0	0	0	0	0	0	0	0	0	0	0	0	0	0	0	0	0	0
02:55:00	10500	0	0	0	0	0	0	0	0	0	0	0	0	0	0	0	0	0	0	0	0	0	0	0	0
03:00:00	10800	0	0	0	0	0	0	0	0	0	0	0	0	0	0	0	0	0	0	0	0	0	0	0	0
03:05:00	11100	0	0	0	0	0	0	0	0	0	0	0	0	0	0	0	0	0	0	0	0	0	0	0	0
03:10:00	11400	0	0	0	0	0	0	0	0	0	0	0	0	0	0	0	0	0	0	0	0	0	0	0	0
03:15:00	11700	0	0	0	0	0	0	0	0	0	0	0	0	0	0	0	0	0	0	0	0	0	0	0	0
03:20:00	12000	0	0	0	0	0	0	0	0	0	0	0	0	0	0	0	0	0	0	0	0	0	0	0	0
03:25:00	12300	0	0	0	0	0	0	0	0	0	0	0	0	0	0	0	0	0	0	0	0	0	0	0	0
03:30:00	12600	0	0	0	0	0	0	0	0	0	0	0	0	0	0	0	0	0	0	0	0	0	0	0	0
03:35:00	12900	0	0	0	0	0	0	0	0	0	0	0	0	0	0	0	0	0	0	0	0	0	0	0	0
03:40:00	13200	0	0	0	0	0	0	0	0	0	0	0	0	0	0	0	0	0	0	0	0	0	0	0	0
03:45:00	13500	0	0	0	0	0	0	0	0	0	0	0	0	0	0	0	0	0	0	0	0	0	0	0	0
03:50:00	13800	0	0	0	0	0	0	0	0	0	0	0	0	0	0	0	0	0	0	0	0	0	0	0	0
03:55:00	14100	0	0	0	0	0	0	0	0	0	0	0	0	0	0	0	0	0	0	0	0	0	0	0	0
04:00:00	14400	0	0	0	0	0	0	0	0	0	0	0	0	0	0	0	0	0	0	0	0	0	0	0	0
04:05:00	14700	0	0	0	0	0	0	0	0	0	0	0	0	0	0	0	0	0	0	0	0	0	0	0	0
04:10:00	15000	0	0	0	0	0	0	0	0	0	0	0	0	0	0	0	0	0	0	0	0	0	0	0	0
04:15:00	15300	0	0	0	0	0	0	0	0	0	0	0	0	0	0	0	0	0	0	0	0	0	0	0	0
04:20:00	15600	0	0	0	0	0	0	0	0	0	0	0	0	0	0	0	0	0	0	0	0	0	0	0	0
04:25:00	15900	0	0	0	0	0	0	0	0	0	0	0	0	0	0	0	0	0	0	0	0	0	0	0	0
04:30:00	16200	0	0	0	0	0	0	0	0	0	0	0	0	0	0	0	0	0	0	0	0	0	0	0	0
04:35:00	16500	0	0	0	0	0	0	0	0	0	0	0	0	0	0	0	0	0	0	0	0	0	0	0	0
04:40:00	16800	0	0	0	0	0	0	0	0	0	0	0	0	0	0	0	0	0	0	0	0	0	0	0	0
04:45:00	17100	0	0	0	0	0	0	0	0	0	0	0	0	0	0	0	0	0	0	0	0	0	0	0	0
04:50:00	17400	0	0	0	0	0	0	0	0	0	0	0	0	0	0	0	0	0	0	0	0	0	0	0	0
04:55:00	17700	0	0	0	0	0	0	0	0	0	0	0	0	0	0	0	0	0	0	0	0	0	0	0	0
05:00:00	18000	0	0	0	0	0	0	0	0	0	0	0	0	0	0	0	0	0	0	0	0	0	0	0	0
05:05:00	18300	0	0	0	0	0	0	0	0	0	0	0	0	0	0	0	0	0	0	0	0	0	0	0	0
05:10:00	18600	0	0	0	0	0	0	0	0	0	0	0	0	0	0	0	0	0	0	0	0	0	0	0	0
05:15:00	18900	0	0	0	0	0	0	0	0	0	0	0	0	0	0	0	0	0	0	0	0	0	0	0	0
05:20:00	19200	0	0	0	0	0	0	0	0	0	0	0	0	0	0	0	0	0	0	0	0	0	0	0	0
05:25:00	19500	0	0	0	0	0	0	0	0	0	0	0	0	0	0	0	0	0	0	0	0	0	0	0	0
05:30:00	19800	0	0	0	0	0	0	0	0	0	0	0	0	0	0	0	0	0	0	0	0	0	0	0	0
05:35:00	20100	0	0	0	0	0	0	0	0	0	0	0	0	0	0	0	0	0	0	0	0	0	0	0	0
05:40:00	20400	0	0	0	0	0	0	0	0	0	0	0	0	0	0	0	0	0	0	0	0	0	0	0	0
05:45:00	20700	0	0	0	0	0	0	0	0	0	0	0	0	0	0	0	0	0	0	0	0	0	0	0	0
05:50:00	21000	0	0	0	0	0	0	0	0	0	0	0	0	0	0	0	0	0	0	0	0	0	0	0	0
05:55:00	21300	0	0	0	0	0	0	0	0	0	0	0	0	0	0	0	0	0	0	0	0	0	0	0	0
06:00:00	21600	0	0	0	0	0	0	0	0	0	0	0	0	0	0	0	0	0	0	0	0	0	0	0	0
06:05:00	21900	0	0	0	0	0	0	0	0	0	0	0	0	0	0	0	0	0	0	0	0	0	0	0	0
06:10:00	22200	0	0	0	0	0	0	0	0	0	0	0	0	0	0	0	0	0	0	0	0	0	0	0	0
06:15:00	22500	0	0	0	0	0	0	0	0	0	0	0	0	0	0	0	0	0	0	0	0	0	0	0	0
06:20:00	22800	0	0	0	0	0	0	0	0	0	0	0	0	0	0	0	0	0	0	0	0	0	0	0	0
06:25:00	23100	0	0	0	0	0	0	0	0	0	0	0	0	0	0	0	0	0	0	0	0	0	0	0	0
06:30:00	23400	0	0	0	0	0	0	0	0	0	0	0	0	0	0	0	0	0	0	0	0	0	0	0	0
06:35:00	23700	0	0	0	0	0	0	0	0	0	0	0	0	0	0	0	0	0	0	0	0	0	0	0	0
06:40:00	24000	1	0	0	1	1	0	0	1	0	0	0	0	0	0	0	0	0	0	0	0	0	0	0	0
06:45:00	24300	1	0	0	2	1	0	0	2	0	0	0	0	0	0	0	0	0	0	0	0	0	0	0	0
06:50:00	24600	0	0	0	2	0	0	0	2	0	0	0	0	0	0	0	0	0	0	0	0	0	0	0	0
06:55:00	24900	2	1	0	3	2	1	0	3	0	0	0	0	0	0	0	0	0	0	0	0	0	0	0	0
07:00:00	25200	0	1	0	2	0	1	0	2	0	0	0	0	0	0	0	0	0	0	0	0	0	0	0	0
07:05:00	25500	2	1	0	3	2	1	0	3	0	0	0	0	0	0	0	0	0	0	0	0	0	0	0	0
07:10:00	25800	3	1	0	5	3	1	0	5	0	0	0	0	0	0	0	0	0	0	0	0	0	0	0	0
07:15:00	26100	20	0	0	25	20	0	0	25	0	0	0	0	0	0	0	0	0	0	0	0	0	0	0	0
07:20:00	26400	26	1	0	50	26	1	0	50	0	0	0	0	0	0	0	0	0	0	0	0	0	0	0	0
07:25:00	26700	34	8	0	76	34	8	0	76	0	0	0	0	0	0	0	0	0	0	0	0	0	0	0	0
07:30:00	27000	48	11	0	113	48	11	0	113	0	0	0	0	0	0	0	0	0	0	0	0	0	0	0	0
07:35:00	27300	79	13	0	179	78	13	0	178	0	0	0	0	1	0	0	1	0	0	0	0	0	0	0	0
07:40:00	27600	104	26	0	257	104	26	0	256	0	0	0	0	0	0	0	1	0	0	0	0	0	0	0	0
07:45:00	27900	131	33	0	355	131	32	0	355	0	0	0	0	0	1	0	0	0	0	0	0	0	0	0	0
07:50:00	28200	155	62	0	448	155	62	0	448	0	0	0	0	0	0	0	0	0	0	0	0	0	0	0	0
07:55:00	28500	256	65	0	639	254	64	0	638	0	0	0	0	1	0	0	1	1	1	0	0	0	0	0	0
08:00:00	28800	256	77	0	818	254	77	0	815	0	0	0	0	1	0	0	2	0	0	0	0	1	0	0	1
08:05:00	29100	374	90	0	1102	370	90	0	1095	1	0	0	1	3	0	0	5	0	0	0	0	0	0	0	1
08:10:00	29400	369	147	0	1324	365	144	0	1316	0	0	0	1	2	3	0	4	1	0	0	1	1	0	0	2
08:15:00	29700	463	175	0	1612	458	172	0	1602	0	0	0	1	0	3	0	1	5	0	0	6	0	0	0	2
08:20:00	30000	425	155	0	1882	417	153	0	1866	3	0	0	4	1	1	0	1	3	0	0	9	1	1	0	2
08:25:00	30300	452	172	0	2162	441	170	0	2137	1	0	0	5	1	1	0	1	6	1	0	14	3	0	0	5
08:30:00	30600	410	193	0	2379	400	192	0	2345	0	0	0	5	0	1	0	0	9	0	0	23	1	0	0	6
08:35:00	30900	413	177	0	2615	398	176	0	2567	0	0	0	5	0	0	0	0	14	1	0	36	1	0	0	7
08:40:00	31200	427	223	0	2819	420	221	0	2766	0	0	0	5	0	0	0	0	7	1	0	42	0	1	0	6
08:45:00	31500	420	241	0	2998	404	236	0	2934	0	0	0	5	3	0	0	3	13	3	0	52	0	2	0	4
08:50:00	31800	411	247	0	3162	405	241	0	3098	0	0	0	5	0	0	0	3	6	2	0	56	0	4	0	0
08:55:00	32100	344	255	0	3251	338	250	0	3186	0	0	0	5	0	2	0	1	6	3	0	59	0	0	0	0
09:00:00	32400	345	282	0	3314	336	275	0	3247	1	0	0	6	0	1	0	0	8	6	0	61	0	0	0	0
09:05:00	32700	303	249	0	3368	297	240	0	3304	0	0	0	6	0	0	0	0	6	9	0	58	0	0	0	0
09:10:00	33000	277	247	0	3398	264	237	0	3331	0	0	0	6	0	0	0	0	13	10	0	61	0	0	0	0
09:15:00	33300	241	241	0	3398	232	230	0	3333	0	0	0	6	0	0	0	0	9	11	0	59	0	0	0	0
09:20:00	33600	225	250	0	3373	219	243	0	3309	1	0	0	7	1	0	0	1	4	7	0	56	0	0	0	0
09:25:00	33900	230	246	0	3357	222	235	0	3296	0	0	0	7	0	0	0	1	8	11	0	53	0	0	0	0
09:30:00	34200	158	243	0	3272	154	234	0	3216	0	0	0	7	1	0	0	2	3	9	0	47	0	0	0	0
09:35:00	34500	136	249	0	3159	132	240	0	3108	0	0	0	7	0	1	0	1	3	8	0	42	1	0	0	1
09:40:00	34800	122	229	0	3052	118	222	0	3004	1	0	0	8	0	1	0	0	3	6	0	39	0	0	0	1
09:45:00	35100	114	268	0	2898	103	259	0	2848	2	0	0	10	1	0	0	1	8	9	0	38	0	0	0	1
09:50:00	35400	103	267	0	2734	100	258	0	2690	0	0	0	10	1	0	0	2	2	9	0	31	0	0	0	1
09:55:00	35700	90	240	0	2584	88	230	0	2548	1	0	0	11	0	0	0	2	1	10	0	22	0	0	0	1
10:00:00	36000	81	239	0	2426	70	222	0	2396	0	0	0	11	1	1	0	2	9	16	0	15	1	0	0	2
10:05:00	36300	62	234	0	2254	55	232	0	2219	0	0	0	11	1	0	0	3	4	2	0	17	2	0	0	4
10:10:00	36600	64	207	0	2111	59	198	0	2080	0	0	0	11	0	1	0	2	5	8	0	14	0	0	0	4
10:15:00	36900	28	175	0	1964	28	169	0	1939	0	0	0	11	0	1	0	1	0	4	0	10	0	1	0	3
10:20:00	37200	48	195	0	1817	40	184	0	1795	0	1	0	10	1	0	0	2	7	9	0	8	0	1	0	2
10:25:00	37500	36	166	0	1687	31	161	0	1665	0	0	0	10	1	0	0	3	4	4	0	8	0	1	0	1
10:30:00	37800	40	172	0	1555	34	167	0	1532	0	0	0	10	0	0	0	3	4	5	0	7	2	0	0	3
10:35:00	38100	28	153	0	1430	25	149	0	1408	0	0	0	10	1	2	0	2	1	2	0	6	1	0	0	4
10:40:00	38400	24	157	0	1297	19	153	0	1274	0	0	0	10	0	0	0	2	5	3	0	8	0	1	0	3
10:45:00	38700	50	150	0	1197	42	141	0	1175	0	0	0	10	2	1	0	3	6	6	0	8	0	2	0	1
10:50:00	39000	39	126	0	1110	39	120	0	1094	0	0	0	10	0	1	0	2	0	3	0	5	0	2	0	-1
10:55:00	39300	33	112	0	1031	30	110	0	1014	0	0	0	10	1	0	0	3	2	2	0	5	0	0	0	-1
11:00:00	39600	40	117	0	954	35	113	0	936	0	0	0	10	2	1	0	4	3	3	0	5	0	0	0	-1
11:05:00	39900	34	124	0	864	31	118	0	849	0	0	0	10	1	2	0	3	2	4	0	3	0	0	0	-1
11:10:00	40200	33	99	0	798	25	91	0	783	0	0	0	10	1	1	0	3	6	5	0	4	1	2	0	-2
11:15:00	40500	53	109	0	742	44	101	0	726	0	0	0	10	3	3	0	3	6	5	0	5	0	0	0	-2
11:20:00	40800	59	101	0	700	51	98	0	679	0	0	0	10	3	1	0	5	4	1	0	8	1	1	0	-2
11:25:00	41100	27	71	0	656	25	68	0	636	0	0	0	10	1	2	0	4	1	1	0	8	0	0	0	-2
11:30:00	41400	48	80	0	624	43	77	0	602	0	0	0	10	2	2	0	4	1	1	0	8	2	0	0	0
11:35:00	41700	34	54	0	604	29	52	0	579	0	0	0	10	1	0	0	5	3	2	0	9	1	0	0	1
11:40:00	42000	38	82	0	560	34	79	0	534	0	0	0	10	1	2	0	4	2	1	0	10	1	0	0	2
11:45:00	42300	62	55	0	567	59	51	0	542	0	0	0	10	1	2	0	3	2	2	0	10	0	0	0	2
11:50:00	42600	54	49	0	572	47	42	0	547	0	0	0	10	0	1	0	2	5	6	0	9	2	0	0	4
11:55:00	42900	50	47	0	575	47	46	0	548	0	0	0	10	1	1	0	2	1	0	0	10	1	0	0	5
12:00:00	43200	43	71	0	547	36	67	0	517	0	0	0	10	4	0	0	6	2	2	0	10	1	2	0	4
12:05:00	43500	52	50	0	549	44	44	0	517	1	0	0	11	1	1	0	6	4	4	0	10	2	1	0	5
12:10:00	43800	64	43	0	570	55	34	0	538	0	0	0	11	1	3	0	4	6	4	0	12	2	2	0	5
12:15:00	44100	54	67	0	557	42	63	0	517	0	0	0	11	4	3	0	5	5	1	0	16	3	0	0	8
12:20:00	44400	55	42	0	570	45	36	0	526	0	0	0	11	3	1	0	7	7	2	0	21	0	3	0	5
12:25:00	44700	53	45	0	578	44	37	0	533	0	0	0	11	0	2	0	5	7	6	0	22	2	0	0	7
12:30:00	45000	48	68	0	558	38	65	0	506	0	0	0	11	3	0	0	8	3	1	0	24	4	2	0	9
12:35:00	45300	60	57	0	561	48	45	0	509	0	0	0	11	5	5	0	8	7	6	0	25	0	1	0	8
12:40:00	45600	69	41	0	589	62	35	0	536	0	0	0	11	2	2	0	8	2	3	0	24	3	1	0	10
12:45:00	45900	69	53	0	605	54	43	0	547	0	0	0	11	5	2	0	11	7	5	0	26	3	3	0	10
12:50:00	46200	63	63	0	605	53	59	0	541	0	0	0	11	4	2	0	13	5	0	0	31	1	2	0	9
12:55:00	46500	54	83	0	576	45	72	0	514	0	0	0	11	2	6	0	9	5	2	0	34	2	3	0	8
13:00:00	46800	51	76	0	551	36	60	0	490	0	0	0	11	2	3	0	8	8	10	0	32	5	3	0	10
13:05:00	47100	57	50	0	558	46	41	0	495	0	0	0	11	1	4	0	5	9	5	0	36	1	0	0	11
13:10:00	47400	64	45	0	577	51	38	0	508	0	0	0	11	2	3	0	4	9	3	0	42	2	1	0	12
13:15:00	47700	82	52	0	607	66	46	0	528	0	0	0	11	4	0	0	8	7	4	0	45	5	2	0	15
13:20:00	48000	53	75	0	585	39	63	0	504	0	0	0	11	4	3	0	9	8	7	0	46	2	2	0	15
13:25:00	48300	70	59	0	596	61	47	0	518	0	0	0	11	3	3	0	9	4	9	0	41	2	0	0	17
13:30:00	48600	60	56	0	600	42	51	0	509	0	0	0	11	3	3	0	9	10	2	0	49	5	0	0	22
13:35:00	48900	74	58	0	616	54	50	0	513	0	0	0	11	4	2	0	11	11	6	0	54	5	0	0	27
13:40:00	49200	93	49	0	660	72	39	0	546	0	0	0	11	2	3	0	10	15	7	0	62	4	0	0	31
13:45:00	49500	56	56	0	660	33	54	0	525	0	0	0	11	3	0	0	13	10	2	0	70	10	0	0	41
13:50:00	49800	95	59	0	696	76	49	0	552	0	0	0	11	2	2	0	13	8	8	0	70	9	0	0	50
13:55:00	50100	74	46	0	724	53	39	0	566	0	0	0	11	3	2	0	14	8	5	0	73	10	0	0	60
14:00:00	50400	60	83	0	701	31	63	0	534	0	0	0	11	4	6	0	12	12	11	0	74	13	3	0	70
14:05:00	50700	95	68	0	728	75	47	0	562	2	0	0	13	5	5	0	12	9	5	0	78	4	11	0	63
14:10:00	51000	73	89	0	712	57	62	0	557	0	0	0	13	1	4	0	9	10	12	0	76	5	11	0	57
14:15:00	51300	76	71	0	717	51	48	0	560	0	0	0	13	4	1	0	12	18	13	0	81	3	9	0	51
14:20:00	51600	76	73	0	720	55	51	0	564	0	0	0	13	4	3	0	13	12	11	0	82	5	8	0	48
14:25:00	51900	78	85	0	713	49	62	0	551	0	0	0	13	4	2	0	15	16	10	0	88	9	11	0	46
14:30:00	52200	95	74	0	734	69	50	0	570	0	0	0	13	1	5	0	11	14	9	0	93	11	10	0	47
14:35:00	52500	87	77	0	744	47	59	0	558	0	1	0	12	8	0	0	19	26	11	0	108	6	6	0	47
14:40:00	52800	108	83	0	769	81	56	0	583	0	0	0	12	5	3	0	21	18	13	0	113	4	11	0	40
14:45:00	53100	84	74	0	779	63	53	0	593	0	0	0	12	2	3	0	20	16	11	0	118	3	7	0	36
14:50:00	53400	114	80	0	813	73	51	0	615	0	0	0	12	7	2	0	25	27	17	0	128	7	10	0	33
14:55:00	53700	85	64	0	834	52	40	0	627	0	0	0	12	6	4	0	27	21	18	0	131	6	2	0	37
15:00:00	54000	90	86	0	838	55	63	0	619	0	0	0	12	5	5	0	27	25	15	0	141	5	3	0	39
15:05:00	54300	100	85	0	853	69	58	0	630	0	0	0	12	2	11	0	18	24	13	0	152	5	3	0	41
15:10:00	54600	84	80	0	857	48	59	0	619	0	0	0	12	4	5	0	17	24	14	0	162	8	2	0	47
15:15:00	54900	92	58	0	891	64	48	0	635	0	0	0	12	4	1	0	20	18	7	0	173	6	2	0	51
15:20:00	55200	81	76	0	896	43	51	0	627	0	0	0	12	6	4	0	22	22	20	0	175	10	1	0	60
15:25:00	55500	80	73	0	903	49	49	0	627	0	0	0	12	3	5	0	20	14	18	0	171	14	1	0	73
15:30:00	55800	70	80	0	893	30	51	0	606	0	0	0	12	9	4	0	25	26	25	0	172	5	0	0	78
15:35:00	56100	100	74	0	919	49	51	0	604	0	0	0	12	8	5	0	28	34	17	0	189	9	1	0	86
15:40:00	56400	83	99	0	903	42	63	0	583	0	0	0	12	4	9	0	23	31	26	0	194	6	1	0	91
15:45:00	56700	97	67	0	933	45	35	0	593	0	0	0	12	10	7	0	26	29	25	0	198	13	0	0	104
15:50:00	57000	105	88	0	950	50	56	0	587	0	0	0	12	7	7	0	26	34	23	0	209	14	2	0	116
15:55:00	57300	102	96	0	956	56	70	0	573	0	0	0	12	10	7	0	29	22	19	0	212	14	0	0	130
16:00:00	57600	98	73	0	981	41	45	0	569	0	0	0	12	13	5	0	37	25	19	0	218	19	4	0	145
16:05:00	57900	98	114	0	965	53	56	0	566	0	0	0	12	8	9	0	36	27	27	0	218	10	22	0	133
16:10:00	58200	117	119	0	963	62	67	0	561	0	0	0	12	11	8	0	39	30	25	0	223	14	19	0	128
16:15:00	58500	104	93	0	974	48	55	0	554	0	0	0	12	13	4	0	48	36	26	0	233	7	8	0	127
16:20:00	58800	111	108	0	977	57	61	0	550	0	0	0	12	7	8	0	47	36	21	0	248	11	18	0	120
16:25:00	59100	110	87	0	1000	50	50	0	550	0	0	0	12	11	6	0	52	35	25	0	258	14	6	0	128
16:30:00	59400	128	107	0	1021	63	51	0	562	0	0	0	12	20	9	0	63	36	26	0	268	9	21	0	116
16:35:00	59700	124	107	0	1038	63	62	0	563	0	0	0	12	10	13	0	60	31	24	0	275	20	8	0	128
16:40:00	60000	119	119	0	1038	69	57	0	575	0	0	0	12	9	12	0	57	32	37	0	270	9	13	0	124
16:45:00	60300	128	109	0	1057	69	55	0	589	0	0	0	12	10	9	0	58	40	30	0	280	9	15	0	118
16:50:00	60600	147	124	0	1080	89	66	0	612	0	0	0	12	16	12	0	62	36	30	0	286	6	16	0	108
16:55:00	60900	141	105	0	1116	95	54	0	653	0	0	0	12	14	13	0	63	29	28	0	287	3	10	0	101
17:00:00	61200	145	110	0	1151	98	57	0	694	1	0	0	13	12	13	0	62	31	34	0	284	3	6	0	98
17:05:00	61500	143	141	0	1153	102	82	0	714	0	0	0	13	17	11	0	68	16	36	0	264	8	12	0	94
17:10:00	61800	212	125	0	1240	160	72	0	802	0	0	0	13	17	10	0	75	27	36	0	255	8	7	0	95
17:15:00	62100	151	142	0	1249	91	70	0	823	0	0	0	13	12	18	0	69	35	45	0	245	13	9	0	99
17:20:00	62400	225	154	0	1320	188	99	0	912	1	0	0	14	12	19	0	62	18	32	0	231	6	4	0	101
17:25:00	62700	272	136	0	1456	212	95	0	1029	0	0	0	14	18	12	0	68	34	26	0	239	8	3	0	106
17:30:00	63000	199	130	0	1525	151	97	0	1083	0	0	0	14	14	5	0	77	25	25	0	239	9	3	0	112
17:35:00	63300	253	141	0	1637	191	83	0	1191	0	0	0	14	13	18	0	72	37	39	0	237	12	1	0	123
17:40:00	63600	263	158	0	1742	205	115	0	1281	0	0	0	14	22	10	0	84	21	32	0	226	15	1	0	137
17:45:00	63900	275	158	0	1859	224	105	0	1400	0	0	0	14	18	20	0	82	22	31	0	217	11	2	0	146
17:50:00	64200	307	160	0	2006	236	118	0	1518	0	0	0	14	18	20	0	80	32	22	0	227	21	0	0	167
17:55:00	64500	307	189	0	2124	237	130	0	1625	0	0	0	14	14	21	0	73	42	38	0	231	14	0	0	181
18:00:00	64800	289	205	0	2208	222	155	0	1692	0	0	0	14	20	14	0	79	35	29	0	237	12	7	0	186
18:05:00	65100	358	220	0	2346	283	163	0	1812	0	0	0	14	21	12	0	88	43	29	0	251	11	16	0	181
18:10:00	65400	285	220	0	2411	230	164	0	1878	0	0	0	14	10	17	0	81	35	23	0	263	10	16	0	175
18:15:00	65700	316	216	0	2511	245	169	0	1954	0	0	0	14	18	8	0	91	34	26	0	271	19	13	0	181
18:20:00	66000	381	280	0	2612	311	210	0	2055	0	0	0	14	12	22	0	81	42	29	0	284	16	19	0	178
18:25:00	66300	329	272	0	2669	253	202	0	2106	0	0	0	14	19	17	0	83	39	38	0	285	18	15	0	181
18:30:00	66600	305	276	0	2698	235	212	0	2129	0	0	0	14	11	14	0	80	51	37	0	299	8	13	0	176
18:35:00	66900	313	311	0	2700	245	226	0	2148	0	0	0	14	18	21	0	77	36	51	0	284	14	13	0	177
18:40:00	67200	301	330	0	2671	239	259	0	2128	0	0	0	14	15	16	0	76	40	39	0	285	7	16	0	168
18:45:00	67500	349	272	0	2748	277	206	0	2199	0	0	0	14	20	14	0	82	39	36	0	288	13	16	0	165
18:50:00	67800	375	302	0	2821	300	242	0	2257	0	0	0	14	11	19	0	74	53	26	0	315	11	15	0	161
18:55:00	68100	260	275	0	2806	188	209	0	2236	0	0	0	14	18	10	0	82	49	37	0	327	5	19	0	147
19:00:00	68400	301	324	0	2783	230	262	0	2204	0	0	0	14	13	13	0	82	49	44	0	332	9	5	0	151
19:05:00	68700	282	302	0	2763	218	243	0	2179	0	0	0	14	11	14	0	79	47	37	0	342	6	8	0	149
19:10:00	69000	310	339	0	2734	244	262	0	2161	0	0	0	14	14	13	0	80	43	54	0	331	9	10	0	148
19:15:00	69300	372	288	0	2818	299	234	0	2226	0	0	0	14	11	15	0	76	55	33	0	353	7	6	0	149
19:20:00	69600	261	327	0	2752	188	268	0	2146	0	0	0	14	15	13	0	78	51	39	0	365	7	7	0	149
19:25:00	69900	257	299	0	2710	164	235	0	2075	0	0	0	14	16	14	0	80	64	45	0	384	13	5	0	157
19:30:00	70200	254	307	0	2657	172	245	0	2002	0	0	0	14	18	16	0	82	52	44	0	392	12	2	0	167
19:35:00	70500	237	299	0	2595	167	236	0	1933	0	0	0	14	14	18	0	78	48	40	0	400	8	5	0	170
19:40:00	70800	351	302	0	2644	274	232	0	1975	0	0	0	14	11	12	0	77	51	56	0	395	15	2	0	183
19:45:00	71100	301	287	0	2658	215	231	0	1959	0	0	0	14	15	11	0	81	48	40	0	403	23	5	0	201
19:50:00	71400	219	317	0	2560	137	255	0	1841	1	0	0	15	12	17	0	76	56	45	0	414	13	0	0	214
19:55:00	71700	192	260	0	2492	120	205	0	1756	0	0	0	15	15	12	0	79	46	42	0	418	11	1	0	224
20:00:00	72000	200	288	0	2404	132	224	0	1664	0	0	0	15	11	19	0	71	49	43	0	424	8	2	0	230
20:05:00	72300	275	338	0	2341	192	231	0	1625	0	0	0	15	21	18	0	74	45	67	0	402	17	22	0	225
20:10:00	72600	257	282	0	2316	185	196	0	1614	0	0	0	15	13	20	0	67	48	38	0	412	11	28	0	208
20:15:00	72900	176	259	0	2233	117	189	0	1542	0	0	0	15	10	9	0	68	41	42	0	411	8	19	0	197
20:20:00	73200	176	265	0	2144	106	182	0	1466	0	0	0	15	9	11	0	66	48	49	0	410	13	23	0	187
20:25:00	73500	172	296	0	2020	103	210	0	1359	0	0	0	15	18	16	0	68	42	61	0	391	9	9	0	187
20:30:00	73800	180	242	0	1958	115	162	0	1312	0	0	0	15	12	17	0	63	43	52	0	382	10	11	0	186
20:35:00	74100	211	220	0	1949	142	149	0	1305	0	0	0	15	19	7	0	75	45	50	0	377	5	14	0	177
20:40:00	74400	180	229	0	1900	106	148	0	1263	0	1	0	14	13	16	0	72	54	46	0	385	7	18	0	166
20:45:00	74700	134	210	0	1824	65	150	0	1178	0	0	0	14	9	9	0	72	53	43	0	395	7	8	0	165
20:50:00	75000	120	214	0	1730	64	146	0	1096	0	0	0	14	12	11	0	73	38	43	0	390	6	14	0	157
20:55:00	75300	135	207	0	1658	79	142	0	1033	0	0	0	14	16	12	0	77	38	46	0	382	2	7	0	152
21:00:00	75600	157	219	0	1596	105	140	0	998	0	0	0	14	25	13	0	89	26	58	0	350	1	8	0	145
21:05:00	75900	165	201	0	1560	121	113	0	1006	0	0	0	14	9	22	0	76	33	51	0	332	2	15	0	132
21:10:00	76200	127	178	0	1509	59	112	0	953	0	0	0	14	9	16	0	69	56	45	0	343	3	5	0	130
21:15:00	76500	131	177	0	1463	68	117	0	904	0	0	0	14	13	13	0	69	46	37	0	352	4	10	0	124
21:20:00	76800	105	167	0	1401	48	104	0	848	0	0	0	14	16	9	0	76	38	47	0	343	3	7	0	120
21:25:00	77100	125	153	0	1373	58	96	0	810	0	0	0	14	13	20	0	69	47	35	0	355	7	2	0	125
21:30:00	77400	135	164	0	1344	76	102	0	784	0	0	0	14	16	8	0	77	35	53	0	337	8	1	0	132
21:35:00	77700	119	141	0	1322	61	95	0	750	0	0	0	14	11	11	0	77	34	34	0	337	13	1	0	144
21:40:00	78000	93	147	0	1268	38	78	0	710	0	0	0	14	9	16	0	70	34	47	0	324	12	6	0	150
21:45:00	78300	95	131	0	1232	43	78	0	675	0	0	0	14	12	13	0	69	34	37	0	321	6	3	0	153
21:50:00	78600	104	137	0	1199	41	92	0	624	0	0	0	14	14	10	0	73	41	33	0	329	8	2	0	159
21:55:00	78900	96	148	0	1147	45	83	0	586	0	0	0	14	7	17	0	63	35	46	0	318	9	2	0	166
22:00:00	79200	96	126	0	1117	48	71	0	563	0	0	0	14	13	13	0	63	31	37	0	312	4	5	0	165
22:05:00	79500	78	117	0	1078	22	64	0	521	0	0	0	14	12	13	0	62	37	32	0	317	7	8	0	164
22:10:00	79800	79	132	0	1025	20	60	0	481	0	0	0	14	10	13	0	59	44	37	0	324	5	22	0	147
22:15:00	80100	77	119	0	983	35	59	0	457	0	0	0	14	10	16	0	53	30	36	0	318	2	8	0	141
22:20:00	80400	74	117	0	940	25	54	0	428	0	0	0	14	12	11	0	54	32	41	0	309	5	11	0	135
22:25:00	80700	103	109	0	934	45	49	0	424	0	0	0	14	9	14	0	49	31	37	0	303	18	9	0	144
22:30:00	81000	68	105	0	897	22	54	0	392	0	0	0	14	11	9	0	51	33	36	0	300	2	6	0	140
22:35:00	81300	68	88	0	877	14	47	0	359	0	0	0	14	10	7	0	54	35	29	0	306	9	5	0	144
22:40:00	81600	72	97	0	852	10	36	0	333	0	0	0	14	17	11	0	60	39	39	0	306	6	11	0	139
22:45:00	81900	49	114	0	787	13	55	0	291	0	0	0	14	7	12	0	55	27	42	0	291	2	5	0	136
22:50:00	82200	56	98	0	745	16	38	0	269	0	0	0	14	6	10	0	51	32	39	0	284	2	11	0	127
22:55:00	82500	51	79	0	717	17	21	0	265	0	0	0	14	9	8	0	52	23	42	0	265	2	8	0	121
23:00:00	82800	46	84	0	679	8	35	0	238	0	0	0	14	7	5	0	54	30	38	0	257	1	6	0	116
23:05:00	83100	46	86	0	639	6	28	0	216	0	0	0	14	2	10	0	46	31	34	0	254	7	14	0	109
23:10:00	83400	47	95	0	591	11	31	0	196	0	0	0	14	8	18	0	36	25	40	0	239	3	6	0	106
23:15:00	83700	46	66	0	571	10	20	0	186	0	0	0	14	6	13	0	29	26	25	0	240	4	8	0	102
23:20:00	84000	46	74	0	543	8	31	0	163	0	0	0	14	7	5	0	31	28	30	0	238	3	8	0	97
23:25:00	84300	35	74	0	504	5	24	0	144	0	0	0	14	6	6	0	31	19	41	0	216	5	3	0	99
23:30:00	84600	39	59	0	484	3	14	0	133	0	0	0	14	15	8	0	38	19	35	0	200	2	2	0	99
23:35:00	84900	39	56	0	467	6	18	0	121	0	0	0	14	6	4	0	40	23	30	0	193	4	4	0	99
23:40:00	85200	53	61	0	459	11	24	0	108	0	0	0	14	12	5	0	47	27	28	0	192	3	4	0	98
23:45:00	85500	34	50	0	443	8	10	0	106	0	0	0	14	8	8	0	47	17	29	0	180	1	3	0	96
23:50:00	85800	46	63	0	426	7	16	0	97	0	0	0	14	8	15	0	40	26	29	0	177	5	3	0	98
23:55:00	86100	34	41	0	419	6	7	0	96	0	0	0	14	7	9	0	38	18	23	0	172	3	2	0	99
24:00:00	86400	683	49	0	1053	36	10	0	122	0	0	0	14	88	9	0	117	555	26	0	701	4	4	0	99
24:05:00	86700	37	70	0	1020	0	16	0	106	0	0	0	14	22	15	0	124	15	31	0	685	0	8	0	91
24:10:00	87000	32	64	0	988	0	7	0	99	0	0	0	14	16	12	0	128	16	37	0	664	0	8	0	83
24:15:00	87300	18	85	0	921	1	12	0	88	0	0	0	14	10	15	0	123	7	55	0	616	0	3	0	80
24:20:00	87600	14	101	0	834	0	16	0	72	0	0	0	14	8	32	0	99	6	44	0	578	0	9	0	71
24:25:00	87900	17	111	0	740	1	9	0	64	0	0	0	14	15	19	0	95	1	72	0	507	0	11	0	60
24:30:00	88200	18	89	0	669	0	6	0	58	0	0	0	14	16	29	0	82	2	48	0	461	0	6	0	54
24:35:00	88500	9	109	0	569	1	8	0	51	0	0	0	14	7	16	0	73	1	83	0	379	0	2	0	52
24:40:00	88800	9	87	0	491	0	8	0	43	0	0	0	14	6	20	0	59	3	59	0	323	0	0	0	52
24:45:00	89100	6	63	0	434	0	4	0	39	0	0	0	14	6	8	0	57	0	50	0	273	0	1	0	51
24:50:00	89400	5	70	0	369	0	7	0	32	0	0	0	14	3	16	0	44	2	44	0	231	0	3	0	48
24:55:00	89700	8	55	0	322	0	0	0	32	0	0	0	14	4	15	0	33	4	40	0	195	0	0	0	48
25:00:00	90000	0	59	0	263	0	1	0	31	0	0	0	14	0	12	0	21	0	46	0	149	0	0	0	48
25:05:00	90300	5	48	0	220	0	1	0	30	0	0	0	14	3	3	0	21	2	44	0	107	0	0	0	48
25:10:00	90600	4	45	0	179	0	0	0	30	0	0	0	14	0	5	0	16	4	40	0	71	0	0	0	48
25:15:00	90900	4	40	0	143	0	1	0	29	0	0	0	14	1	5	0	12	3	34	0	40	0	0	0	48
25:20:00	91200	5	28	0	120	0	2	0	27	0	0	0	14	1	4	0	9	4	22	0	22	0	0	0	48
25:25:00	91500	5	24	0	101	0	4	0	23	0	0	0	14	5	4	0	10	0	16	0	6	0	0	0	48
25:30:00	91800	2	17	0	86	0	0	0	23	0	0	0	14	0	0	0	10	2	17	0	-9	0	0	0	48
25:35:00	92100	1	14	0	73	0	3	0	20	0	0	0	14	1	2	0	9	0	9	0	-18	0	0	0	48
25:40:00	92400	2	10	0	65	0	0	0	20	0	0	0	14	1	1	0	9	1	9	0	-26	0	0	0	48
25:45:00	92700	3	10	0	58	0	0	0	20	0	0	0	14	3	3	0	9	0	6	0	-32	0	1	0	47
25:50:00	93000	1	10	0	49	0	3	0	17	0	0	0	14	1	2	0	8	0	5	0	-37	0	0	0	47
25:55:00	93300	0	9	0	40	0	2	0	15	0	0	0	14	0	2	0	6	0	5	0	-42	0	0	0	47
26:00:00	93600	1	4	0	37	0	1	0	14	0	0	0	14	0	1	0	5	1	2	0	-43	0	0	0	47
26:05:00	93900	0	3	0	34	0	0	0	14	0	0	0	14	0	1	0	4	0	2	0	-45	0	0	0	47
26:10:00	94200	1	5	0	30	0	0	0	14	0	0	0	14	1	1	0	4	0	4	0	-49	0	0	0	47
26:15:00	94500	0	6	0	24	0	2	0	12	0	0	0	14	0	1	0	3	0	3	0	-52	0	0	0	47
26:20:00	94800	1	1	0	24	0	0	0	12	0	0	0	14	1	1	0	3	0	0	0	-52	0	0	0	47
26:25:00	95100	1	4	0	21	0	1	0	11	0	0	0	14	1	1	0	3	0	2	0	-54	0	0	0	47
26:30:00	95400	1	3	0	19	0	1	0	10	0	0	0	14	1	0	0	4	0	2	0	-56	0	0	0	47
26:35:00	95700	0	2	0	17	0	1	0	9	0	0	0	14	0	0	0	4	0	1	0	-57	0	0	0	47
26:40:00	96000	1	3	0	15	1	0	0	10	0	0	0	14	0	1	0	3	0	2	0	-59	0	0	0	47
26:45:00	96300	0	2	0	13	0	1	0	9	0	0	0	14	0	0	0	3	0	1	0	-60	0	0	0	47
26:50:00	96600	1	3	0	11	1	1	0	9	0	0	0	14	0	2	0	1	0	0	0	-60	0	0	0	47
26:55:00	96900	0	0	0	11	0	0	0	9	0	0	0	14	0	0	0	1	0	0	0	-60	0	0	0	47
27:00:00	97200	0	1	0	10	0	1	0	8	0	0	0	14	0	0	0	1	0	0	0	-60	0	0	0	47
27:05:00	97500	0	0	0	10	0	0	0	8	0	0	0	14	0	0	0	1	0	0	0	-60	0	0	0	47
27:10:00	97800	0	0	0	10	0	0	0	8	0	0	0	14	0	0	0	1	0	0	0	-60	0	0	0	47
27:15:00	98100	1	2	0	9	1	1	0	8	0	0	0	14	0	1	0	0	0	0	0	-60	0	0	0	47
27:20:00	98400	1	1	0	9	0	0	0	8	0	0	0	14	1	0	0	1	0	1	0	-61	0	0	0	47
27:25:00	98700	0	0	0	9	0	0	0	8	0	0	0	14	0	0	0	1	0	0	0	-61	0	0	0	47
27:30:00	99000	0	0	0	9	0	0	0	8	0	0	0	14	0	0	0	1	0	0	0	-61	0	0	0	47
27:35:00	99300	0	1	0	8	0	1	0	7	0	0	0	14	0	0	0	1	0	0	0	-61	0	0	0	47
27:40:00	99600	1	0	0	9	0	0	0	7	0	0	0	14	1	0	0	2	0	0	0	-61	0	0	0	47
27:45:00	99900	2	1	0	10	1	0	0	8	0	0	0	14	1	1	0	2	0	0	0	-61	0	0	0	47
27:50:00	100200	0	0	0	10	0	0	0	8	0	0	0	14	0	0	0	2	0	0	0	-61	0	0	0	47
27:55:00	100500	1	0	0	11	1	0	0	9	0	0	0	14	0	0	0	2	0	0	0	-61	0	0	0	47
28:00:00	100800	0	0	0	11	0	0	0	9	0	0	0	14	0	0	0	2	0	0	0	-61	0	0	0	47
28:05:00	101100	0	1	0	10	0	0	0	9	0	0	0	14	0	1	0	1	0	0	0	-61	0	0	0	47
28:10:00	101400	1	0	0	11	0	0	0	9	0	0	0	14	1	0	0	2	0	0	0	-61	0	0	0	47
28:15:00	101700	0	0	0	11	0	0	0	9	0	0	0	14	0	0	0	2	0	0	0	-61	0	0	0	47
28:20:00	102000	0	2	0	9	0	1	0	8	0	0	0	14	0	1	0	1	0	0	0	-61	0	0	0	47
28:25:00	102300	0	0	0	9	0	0	0	8	0	0	0	14	0	0	0	1	0	0	0	-61	0	0	0	47
28:30:00	102600	1	0	0	10	0	0	0	8	0	0	0	14	1	0	0	2	0	0	0	-61	0	0	0	47
28:35:00	102900	0	1	0	9	0	1	0	7	0	0	0	14	0	0	0	2	0	0	0	-61	0	0	0	47
28:40:00	103200	0	0	0	9	0	0	0	7	0	0	0	14	0	0	0	2	0	0	0	-61	0	0	0	47
28:45:00	103500	0	0	0	9	0	0	0	7	0	0	0	14	0	0	0	2	0	0	0	-61	0	0	0	47
28:50:00	103800	0	0	0	9	0	0	0	7	0	0	0	14	0	0	0	2	0	0	0	-61	0	0	0	47
28:55:00	104100	0	1	0	8	0	0	0	7	0	0	0	14	0	1	0	1	0	0	0	-61	0	0	0	47
29:00:00	104400	0	0	0	8	0	0	0	7	0	0	0	14	0	0	0	1	0	0	0	-61	0	0	0	47
29:05:00	104700	0	0	0	8	0	0	0	7	0	0	0	14	0	0	0	1	0	0	0	-61	0	0	0	47
29:10:00	105000	0	1	0	7	0	0	0	7	0	0	0	14	0	1	0	0	0	0	0	-61	0	0	0	47
29:15:00	105300	0	0	0	7	0	0	0	7	0	0	0	14	0	0	0	0	0	0	0	-61	0	0	0	47
29:20:00	105600	0	0	0	7	0	0	0	7	0	0	0	14	0	0	0	0	0	0	0	-61	0	0	0	47
29:25:00	105900	1	0	0	8	0	0	0	7	0	0	0	14	0	0	0	0	1	0	0	-60	0	0	0	47
29:30:00	106200	1	0	0	9	0	0	0	7	0	0	0	14	0	0	0	0	1	0	0	-59	0	0	0	47
29:35:00	106500	1	0	0	10	1	0	0	8	0	0	0	14	0	0	0	0	0	0	0	-59	0	0	0	47
29:40:00	106800	1	0	0	11	1	0	0	9	0	0	0	14	0	0	0	0	0	0	0	-59	0	0	0	47
29:45:00	107100	2	0	0	13	2	0	0	11	0	0	0	14	0	0	0	0	0	0	0	-59	0	0	0	47
29:50:00	107400	1	0	0	14	1	0	0	12	0	0	0	14	0	0	0	0	0	0	0	-59	0	0	0	47
29:55:00	107700	2	2	0	14	2	1	0	13	0	0	0	14	0	0	0	0	0	1	0	-60	0	0	0	47
30:00:00	108000	0	0	0	14	0	0	0	13	0	0	0	14	0	0	0	0	0	0	0	-60	0	0	0	47
30:05:00	108300	0	0	0	14	0	0	0	13	0	0	0	14	0	0	0	0	0	0	0	-60	0	0	0	47
