time	time	departures_all	arrivals_all	stuck_all	en-route_all	departures_car	arrivals_car	stuck_car	en-route_car	departures_drive_transit	arrivals_drive_transit	stuck_drive_transit	en-route_drive_transit	departures_ride_hail	arrivals_ride_hail	stuck_ride_hail	en-route_ride_hail	departures_walk	arrivals_walk	stuck_walk	en-route_walk	departures_walk_transit	arrivals_walk_transit	stuck_walk_transit	en-route_walk_transit
00:00:00	0	0	0	0	0	0	0	0	0	0	0	0	0	0	0	0	0	0	0	0	0	0	0	0	0
00:05:00	300	0	0	0	0	0	0	0	0	0	0	0	0	0	0	0	0	0	0	0	0	0	0	0	0
00:10:00	600	0	0	0	0	0	0	0	0	0	0	0	0	0	0	0	0	0	0	0	0	0	0	0	0
00:15:00	900	0	0	0	0	0	0	0	0	0	0	0	0	0	0	0	0	0	0	0	0	0	0	0	0
00:20:00	1200	0	0	0	0	0	0	0	0	0	0	0	0	0	0	0	0	0	0	0	0	0	0	0	0
00:25:00	1500	0	0	0	0	0	0	0	0	0	0	0	0	0	0	0	0	0	0	0	0	0	0	0	0
00:30:00	1800	0	0	0	0	0	0	0	0	0	0	0	0	0	0	0	0	0	0	0	0	0	0	0	0
00:35:00	2100	0	0	0	0	0	0	0	0	0	0	0	0	0	0	0	0	0	0	0	0	0	0	0	0
00:40:00	2400	0	0	0	0	0	0	0	0	0	0	0	0	0	0	0	0	0	0	0	0	0	0	0	0
00:45:00	2700	0	0	0	0	0	0	0	0	0	0	0	0	0	0	0	0	0	0	0	0	0	0	0	0
00:50:00	3000	0	0	0	0	0	0	0	0	0	0	0	0	0	0	0	0	0	0	0	0	0	0	0	0
00:55:00	3300	0	0	0	0	0	0	0	0	0	0	0	0	0	0	0	0	0	0	0	0	0	0	0	0
01:00:00	3600	0	0	0	0	0	0	0	0	0	0	0	0	0	0	0	0	0	0	0	0	0	0	0	0
01:05:00	3900	0	0	0	0	0	0	0	0	0	0	0	0	0	0	0	0	0	0	0	0	0	0	0	0
01:10:00	4200	0	0	0	0	0	0	0	0	0	0	0	0	0	0	0	0	0	0	0	0	0	0	0	0
01:15:00	4500	0	0	0	0	0	0	0	0	0	0	0	0	0	0	0	0	0	0	0	0	0	0	0	0
01:20:00	4800	0	0	0	0	0	0	0	0	0	0	0	0	0	0	0	0	0	0	0	0	0	0	0	0
01:25:00	5100	0	0	0	0	0	0	0	0	0	0	0	0	0	0	0	0	0	0	0	0	0	0	0	0
01:30:00	5400	0	0	0	0	0	0	0	0	0	0	0	0	0	0	0	0	0	0	0	0	0	0	0	0
01:35:00	5700	0	0	0	0	0	0	0	0	0	0	0	0	0	0	0	0	0	0	0	0	0	0	0	0
01:40:00	6000	0	0	0	0	0	0	0	0	0	0	0	0	0	0	0	0	0	0	0	0	0	0	0	0
01:45:00	6300	0	0	0	0	0	0	0	0	0	0	0	0	0	0	0	0	0	0	0	0	0	0	0	0
01:50:00	6600	0	0	0	0	0	0	0	0	0	0	0	0	0	0	0	0	0	0	0	0	0	0	0	0
01:55:00	6900	0	0	0	0	0	0	0	0	0	0	0	0	0	0	0	0	0	0	0	0	0	0	0	0
02:00:00	7200	0	0	0	0	0	0	0	0	0	0	0	0	0	0	0	0	0	0	0	0	0	0	0	0
02:05:00	7500	0	0	0	0	0	0	0	0	0	0	0	0	0	0	0	0	0	0	0	0	0	0	0	0
02:10:00	7800	0	0	0	0	0	0	0	0	0	0	0	0	0	0	0	0	0	0	0	0	0	0	0	0
02:15:00	8100	0	0	0	0	0	0	0	0	0	0	0	0	0	0	0	0	0	0	0	0	0	0	0	0
02:20:00	8400	0	0	0	0	0	0	0	0	0	0	0	0	0	0	0	0	0	0	0	0	0	0	0	0
02:25:00	8700	0	0	0	0	0	0	0	0	0	0	0	0	0	0	0	0	0	0	0	0	0	0	0	0
02:30:00	9000	0	0	0	0	0	0	0	0	0	0	0	0	0	0	0	0	0	0	0	0	0	0	0	0
02:35:00	9300	0	0	0	0	0	0	0	0	0	0	0	0	0	0	0	0	0	0	0	0	0	0	0	0
02:40:00	9600	0	0	0	0	0	0	0	0	0	0	0	0	0	0	0	0	0	0	0	0	0	0	0	0
02:45:00	9900	0	0	0	0	0	0	0	0	0	0	0	0	0	0	0	0	0	0	0	0	0	0	0	0
02:50:00	10200	0	0	0	0	0	0	0	0	0	0	0	0	0	0	0	0	0	0	0	0	0	0	0	0
02:55:00	10500	0	0	0	0	0	0	0	0	0	0	0	0	0	0	0	0	0	0	0	0	0	0	0	0
03:00:00	10800	0	0	0	0	0	0	0	0	0	0	0	0	0	0	0	0	0	0	0	0	0	0	0	0
03:05:00	11100	0	0	0	0	0	0	0	0	0	0	0	0	0	0	0	0	0	0	0	0	0	0	0	0
03:10:00	11400	0	0	0	0	0	0	0	0	0	0	0	0	0	0	0	0	0	0	0	0	0	0	0	0
03:15:00	11700	0	0	0	0	0	0	0	0	0	0	0	0	0	0	0	0	0	0	0	0	0	0	0	0
03:20:00	12000	0	0	0	0	0	0	0	0	0	0	0	0	0	0	0	0	0	0	0	0	0	0	0	0
03:25:00	12300	0	0	0	0	0	0	0	0	0	0	0	0	0	0	0	0	0	0	0	0	0	0	0	0
03:30:00	12600	0	0	0	0	0	0	0	0	0	0	0	0	0	0	0	0	0	0	0	0	0	0	0	0
03:35:00	12900	0	0	0	0	0	0	0	0	0	0	0	0	0	0	0	0	0	0	0	0	0	0	0	0
03:40:00	13200	0	0	0	0	0	0	0	0	0	0	0	0	0	0	0	0	0	0	0	0	0	0	0	0
03:45:00	13500	0	0	0	0	0	0	0	0	0	0	0	0	0	0	0	0	0	0	0	0	0	0	0	0
03:50:00	13800	0	0	0	0	0	0	0	0	0	0	0	0	0	0	0	0	0	0	0	0	0	0	0	0
03:55:00	14100	0	0	0	0	0	0	0	0	0	0	0	0	0	0	0	0	0	0	0	0	0	0	0	0
04:00:00	14400	0	0	0	0	0	0	0	0	0	0	0	0	0	0	0	0	0	0	0	0	0	0	0	0
04:05:00	14700	0	0	0	0	0	0	0	0	0	0	0	0	0	0	0	0	0	0	0	0	0	0	0	0
04:10:00	15000	0	0	0	0	0	0	0	0	0	0	0	0	0	0	0	0	0	0	0	0	0	0	0	0
04:15:00	15300	0	0	0	0	0	0	0	0	0	0	0	0	0	0	0	0	0	0	0	0	0	0	0	0
04:20:00	15600	0	0	0	0	0	0	0	0	0	0	0	0	0	0	0	0	0	0	0	0	0	0	0	0
04:25:00	15900	0	0	0	0	0	0	0	0	0	0	0	0	0	0	0	0	0	0	0	0	0	0	0	0
04:30:00	16200	0	0	0	0	0	0	0	0	0	0	0	0	0	0	0	0	0	0	0	0	0	0	0	0
04:35:00	16500	0	0	0	0	0	0	0	0	0	0	0	0	0	0	0	0	0	0	0	0	0	0	0	0
04:40:00	16800	0	0	0	0	0	0	0	0	0	0	0	0	0	0	0	0	0	0	0	0	0	0	0	0
04:45:00	17100	0	0	0	0	0	0	0	0	0	0	0	0	0	0	0	0	0	0	0	0	0	0	0	0
04:50:00	17400	0	0	0	0	0	0	0	0	0	0	0	0	0	0	0	0	0	0	0	0	0	0	0	0
04:55:00	17700	0	0	0	0	0	0	0	0	0	0	0	0	0	0	0	0	0	0	0	0	0	0	0	0
05:00:00	18000	0	0	0	0	0	0	0	0	0	0	0	0	0	0	0	0	0	0	0	0	0	0	0	0
05:05:00	18300	0	0	0	0	0	0	0	0	0	0	0	0	0	0	0	0	0	0	0	0	0	0	0	0
05:10:00	18600	0	0	0	0	0	0	0	0	0	0	0	0	0	0	0	0	0	0	0	0	0	0	0	0
05:15:00	18900	0	0	0	0	0	0	0	0	0	0	0	0	0	0	0	0	0	0	0	0	0	0	0	0
05:20:00	19200	0	0	0	0	0	0	0	0	0	0	0	0	0	0	0	0	0	0	0	0	0	0	0	0
05:25:00	19500	0	0	0	0	0	0	0	0	0	0	0	0	0	0	0	0	0	0	0	0	0	0	0	0
05:30:00	19800	0	0	0	0	0	0	0	0	0	0	0	0	0	0	0	0	0	0	0	0	0	0	0	0
05:35:00	20100	0	0	0	0	0	0	0	0	0	0	0	0	0	0	0	0	0	0	0	0	0	0	0	0
05:40:00	20400	0	0	0	0	0	0	0	0	0	0	0	0	0	0	0	0	0	0	0	0	0	0	0	0
05:45:00	20700	0	0	0	0	0	0	0	0	0	0	0	0	0	0	0	0	0	0	0	0	0	0	0	0
05:50:00	21000	0	0	0	0	0	0	0	0	0	0	0	0	0	0	0	0	0	0	0	0	0	0	0	0
05:55:00	21300	0	0	0	0	0	0	0	0	0	0	0	0	0	0	0	0	0	0	0	0	0	0	0	0
06:00:00	21600	0	0	0	0	0	0	0	0	0	0	0	0	0	0	0	0	0	0	0	0	0	0	0	0
06:05:00	21900	0	0	0	0	0	0	0	0	0	0	0	0	0	0	0	0	0	0	0	0	0	0	0	0
06:10:00	22200	0	0	0	0	0	0	0	0	0	0	0	0	0	0	0	0	0	0	0	0	0	0	0	0
06:15:00	22500	0	0	0	0	0	0	0	0	0	0	0	0	0	0	0	0	0	0	0	0	0	0	0	0
06:20:00	22800	0	0	0	0	0	0	0	0	0	0	0	0	0	0	0	0	0	0	0	0	0	0	0	0
06:25:00	23100	0	0	0	0	0	0	0	0	0	0	0	0	0	0	0	0	0	0	0	0	0	0	0	0
06:30:00	23400	0	0	0	0	0	0	0	0	0	0	0	0	0	0	0	0	0	0	0	0	0	0	0	0
06:35:00	23700	1	0	0	1	1	0	0	1	0	0	0	0	0	0	0	0	0	0	0	0	0	0	0	0
06:40:00	24000	1	0	0	2	1	0	0	2	0	0	0	0	0	0	0	0	0	0	0	0	0	0	0	0
06:45:00	24300	0	0	0	2	0	0	0	2	0	0	0	0	0	0	0	0	0	0	0	0	0	0	0	0
06:50:00	24600	0	1	0	1	0	1	0	1	0	0	0	0	0	0	0	0	0	0	0	0	0	0	0	0
06:55:00	24900	1	0	0	2	1	0	0	2	0	0	0	0	0	0	0	0	0	0	0	0	0	0	0	0
07:00:00	25200	0	1	0	1	0	1	0	1	0	0	0	0	0	0	0	0	0	0	0	0	0	0	0	0
07:05:00	25500	4	0	0	5	4	0	0	5	0	0	0	0	0	0	0	0	0	0	0	0	0	0	0	0
07:10:00	25800	5	1	0	9	5	1	0	9	0	0	0	0	0	0	0	0	0	0	0	0	0	0	0	0
07:15:00	26100	25	1	0	33	25	1	0	33	0	0	0	0	0	0	0	0	0	0	0	0	0	0	0	0
07:20:00	26400	26	1	0	58	26	1	0	58	0	0	0	0	0	0	0	0	0	0	0	0	0	0	0	0
07:25:00	26700	30	4	0	84	30	4	0	84	0	0	0	0	0	0	0	0	0	0	0	0	0	0	0	0
07:30:00	27000	54	18	0	120	53	18	0	119	0	0	0	0	1	0	0	1	0	0	0	0	0	0	0	0
07:35:00	27300	80	18	0	182	80	18	0	181	0	0	0	0	0	0	0	1	0	0	0	0	0	0	0	0
07:40:00	27600	80	29	0	233	79	29	0	231	0	0	0	0	1	0	0	2	0	0	0	0	0	0	0	0
07:45:00	27900	120	34	0	319	120	33	0	318	0	0	0	0	0	1	0	1	0	0	0	0	0	0	0	0
07:50:00	28200	160	39	0	440	158	39	0	437	0	0	0	0	2	0	0	3	0	0	0	0	0	0	0	0
07:55:00	28500	256	62	0	634	254	61	0	630	0	0	0	0	2	1	0	4	0	0	0	0	0	0	0	0
08:00:00	28800	266	75	0	825	262	72	0	820	0	0	0	0	1	3	0	2	2	0	0	2	1	0	0	1
08:05:00	29100	401	79	0	1147	398	78	0	1140	0	0	0	0	1	1	0	2	2	0	0	4	0	0	0	1
08:10:00	29400	361	118	0	1390	356	118	0	1378	1	0	0	1	1	0	0	3	2	0	0	6	1	0	0	2
08:15:00	29700	438	159	0	1669	432	157	0	1653	0	0	0	1	1	2	0	2	5	0	0	11	0	0	0	2
08:20:00	30000	403	144	0	1928	395	141	0	1907	5	0	0	6	0	1	0	1	2	0	0	13	1	2	0	1
08:25:00	30300	469	177	0	2220	460	176	0	2191	0	0	0	6	0	1	0	0	8	0	0	21	1	0	0	2
08:30:00	30600	399	165	0	2454	389	161	0	2419	1	0	0	7	2	1	0	1	6	3	0	24	1	0	0	3
08:35:00	30900	403	187	0	2670	396	187	0	2628	0	0	0	7	1	0	0	2	6	0	0	30	0	0	0	3
08:40:00	31200	469	235	0	2904	460	233	0	2855	0	1	0	6	1	0	0	3	8	1	0	37	0	0	0	3
08:45:00	31500	408	234	0	3078	395	226	0	3024	0	1	0	5	0	2	0	1	13	4	0	46	0	1	0	2
08:50:00	31800	370	241	0	3207	361	238	0	3147	0	0	0	5	0	1	0	0	9	2	0	53	0	0	0	2
08:55:00	32100	372	228	0	3351	361	224	0	3284	0	0	0	5	1	0	0	1	10	3	0	60	0	1	0	1
09:00:00	32400	337	265	0	3423	325	256	0	3353	0	0	0	5	0	0	0	1	12	9	0	63	0	0	0	1
09:05:00	32700	312	219	0	3516	303	211	0	3445	0	0	0	5	0	0	0	1	9	8	0	64	0	0	0	1
09:10:00	33000	304	263	0	3557	298	254	0	3489	0	0	0	5	1	1	0	1	5	8	0	61	0	0	0	1
09:15:00	33300	228	224	0	3561	222	215	0	3496	0	0	0	5	0	1	0	0	6	7	0	60	0	1	0	0
09:20:00	33600	231	238	0	3554	226	232	0	3490	0	0	0	5	0	0	0	0	5	5	0	60	0	1	0	-1
09:25:00	33900	195	258	0	3491	185	252	0	3423	0	0	0	5	0	0	0	0	10	6	0	64	0	0	0	-1
09:30:00	34200	163	263	0	3391	161	254	0	3330	0	0	0	5	0	0	0	0	2	9	0	57	0	0	0	-1
09:35:00	34500	151	299	0	3243	143	288	0	3185	0	0	0	5	1	0	0	1	6	11	0	52	1	0	0	0
09:40:00	34800	138	262	0	3119	133	257	0	3061	0	0	0	5	1	0	0	2	2	5	0	49	2	0	0	2
09:45:00	35100	116	282	0	2953	108	262	0	2907	0	0	0	5	1	2	0	1	7	18	0	38	0	0	0	2
09:50:00	35400	107	272	0	2788	100	263	0	2744	1	0	0	6	0	0	0	1	5	9	0	34	1	0	0	3
09:55:00	35700	86	267	0	2607	81	260	0	2565	0	0	0	6	1	0	0	2	4	7	0	31	0	0	0	3
10:00:00	36000	77	238	0	2446	70	227	0	2408	0	0	0	6	1	1	0	2	6	10	0	27	0	0	0	3
10:05:00	36300	58	231	0	2273	55	219	0	2244	1	0	0	7	1	0	0	3	1	12	0	16	0	0	0	3
10:10:00	36600	70	222	0	2121	63	208	0	2099	0	0	0	7	1	1	0	3	5	13	0	8	1	0	0	4
10:15:00	36900	33	228	0	1926	32	224	0	1907	0	0	0	7	0	1	0	2	1	3	0	6	0	0	0	4
10:20:00	37200	50	222	0	1754	35	207	0	1735	2	0	0	9	0	0	0	2	13	12	0	7	0	3	0	1
10:25:00	37500	40	187	0	1607	37	183	0	1589	1	0	0	10	0	1	0	1	2	2	0	7	0	1	0	0
10:30:00	37800	36	182	0	1461	30	176	0	1443	0	0	0	10	1	0	0	2	4	6	0	5	1	0	0	1
10:35:00	38100	35	149	0	1347	30	147	0	1326	0	0	0	10	1	1	0	2	3	1	0	7	1	0	0	2
10:40:00	38400	30	152	0	1225	29	150	0	1205	0	0	0	10	0	0	0	2	1	2	0	6	0	0	0	2
10:45:00	38700	33	153	0	1105	29	148	0	1086	0	0	0	10	1	1	0	2	3	4	0	5	0	0	0	2
10:50:00	39000	40	129	0	1016	37	125	0	998	0	1	0	9	1	1	0	2	2	1	0	6	0	1	0	1
10:55:00	39300	31	112	0	935	29	109	0	918	0	0	0	9	0	0	0	2	2	2	0	6	0	1	0	0
11:00:00	39600	41	106	0	870	35	100	0	853	0	0	0	9	1	1	0	2	4	4	0	6	1	1	0	0
11:05:00	39900	40	96	0	814	32	91	0	794	0	0	0	9	3	2	0	3	5	3	0	8	0	0	0	0
11:10:00	40200	40	96	0	758	34	89	0	739	0	0	0	9	0	1	0	2	5	6	0	7	1	0	0	1
11:15:00	40500	45	108	0	695	38	99	0	678	0	0	0	9	4	1	0	5	3	8	0	2	0	0	0	1
11:20:00	40800	58	89	0	664	52	83	0	647	0	0	0	9	1	4	0	2	4	2	0	4	1	0	0	2
11:25:00	41100	24	75	0	613	17	73	0	591	1	0	0	10	1	0	0	3	4	2	0	6	1	0	0	3
11:30:00	41400	38	70	0	581	37	69	0	559	0	0	0	10	1	1	0	3	0	0	0	6	0	0	0	3
11:35:00	41700	34	59	0	556	28	55	0	532	0	0	0	10	0	1	0	2	5	3	0	8	1	0	0	4
11:40:00	42000	37	58	0	535	30	52	0	510	0	0	0	10	3	0	0	5	4	6	0	6	0	0	0	4
11:45:00	42300	66	57	0	544	62	54	0	518	0	0	0	10	1	1	0	5	3	2	0	7	0	0	0	4
11:50:00	42600	59	49	0	554	55	42	0	531	0	0	0	10	0	3	0	2	4	4	0	7	0	0	0	4
11:55:00	42900	55	38	0	571	50	38	0	543	0	0	0	10	0	0	0	2	3	0	0	10	2	0	0	6
12:00:00	43200	36	52	0	555	30	49	0	524	1	0	0	11	2	2	0	2	2	1	0	11	1	0	0	7
12:05:00	43500	54	52	0	557	46	49	0	521	0	0	0	11	1	0	0	3	4	2	0	13	3	1	0	9
12:10:00	43800	59	46	0	570	47	39	0	529	0	0	0	11	4	0	0	7	6	6	0	13	2	1	0	10
12:15:00	44100	41	50	0	561	36	40	0	525	0	0	0	11	2	3	0	6	3	5	0	11	0	2	0	8
12:20:00	44400	50	54	0	557	41	46	0	520	0	0	0	11	0	1	0	5	8	3	0	16	1	4	0	5
12:25:00	44700	51	53	0	555	43	48	0	515	0	0	0	11	1	2	0	4	5	2	0	19	2	1	0	6
12:30:00	45000	48	66	0	537	40	62	0	493	0	0	0	11	3	1	0	6	3	1	0	21	2	2	0	6
12:35:00	45300	66	63	0	540	54	56	0	491	0	0	0	11	3	2	0	7	4	3	0	22	5	2	0	9
12:40:00	45600	65	52	0	553	54	46	0	499	0	0	0	11	3	1	0	9	8	4	0	26	0	1	0	8
12:45:00	45900	58	59	0	552	40	43	0	496	0	1	0	10	4	6	0	7	11	7	0	30	3	2	0	9
12:50:00	46200	80	55	0	577	68	48	0	516	0	0	0	10	6	0	0	13	5	1	0	34	1	6	0	4
12:55:00	46500	51	53	0	575	41	40	0	517	0	0	0	10	2	7	0	8	7	4	0	37	1	2	0	3
13:00:00	46800	57	43	0	589	48	36	0	529	0	0	0	10	1	3	0	6	5	4	0	38	3	0	0	6
13:05:00	47100	66	51	0	604	50	41	0	538	0	0	0	10	5	4	0	7	9	4	0	43	2	2	0	6
13:10:00	47400	67	53	0	618	53	46	0	545	0	0	0	10	1	3	0	5	11	2	0	52	2	2	0	6
13:15:00	47700	77	62	0	633	65	50	0	560	0	0	0	10	2	1	0	6	10	11	0	51	0	0	0	6
13:20:00	48000	54	65	0	622	35	55	0	540	0	0	0	10	3	1	0	8	12	7	0	56	4	2	0	8
13:25:00	48300	81	49	0	654	61	43	0	558	0	0	0	10	3	1	0	10	10	5	0	61	7	0	0	15
13:30:00	48600	57	66	0	645	42	59	0	541	0	0	0	10	3	3	0	10	9	4	0	66	3	0	0	18
13:35:00	48900	71	64	0	652	54	49	0	546	1	0	0	11	3	3	0	10	9	12	0	63	4	0	0	22
13:40:00	49200	90	61	0	681	63	50	0	559	0	0	0	11	4	4	0	10	19	7	0	75	4	0	0	26
13:45:00	49500	55	39	0	697	36	31	0	564	0	0	0	11	3	2	0	11	13	6	0	82	3	0	0	29
13:50:00	49800	78	64	0	711	61	52	0	573	0	0	0	11	4	4	0	11	9	8	0	83	4	0	0	33
13:55:00	50100	75	54	0	732	50	45	0	578	0	0	0	11	6	1	0	16	13	8	0	88	6	0	0	39
14:00:00	50400	64	64	0	732	37	44	0	571	0	0	0	11	6	6	0	16	13	14	0	87	8	0	0	47
14:05:00	50700	88	87	0	733	65	67	0	569	1	0	0	12	4	4	0	16	6	7	0	86	12	9	0	50
14:10:00	51000	95	79	0	749	72	59	0	582	0	0	0	12	3	3	0	16	11	12	0	85	9	5	0	54
14:15:00	51300	74	81	0	742	53	55	0	580	0	0	0	12	4	2	0	18	13	15	0	83	4	9	0	49
14:20:00	51600	95	96	0	741	70	64	0	586	1	1	0	12	8	6	0	20	11	16	0	78	5	9	0	45
14:25:00	51900	80	77	0	744	48	56	0	578	0	0	0	12	6	7	0	19	21	10	0	89	5	4	0	46
14:30:00	52200	93	59	0	778	66	39	0	605	0	0	0	12	3	4	0	18	18	7	0	100	6	9	0	43
14:35:00	52500	80	83	0	775	54	59	0	600	0	0	0	12	7	2	0	23	17	12	0	105	2	10	0	35
14:40:00	52800	97	91	0	781	65	60	0	605	1	0	0	13	3	5	0	21	24	14	0	115	4	12	0	27
14:45:00	53100	85	75	0	791	52	54	0	603	0	0	0	13	6	5	0	22	25	12	0	128	2	4	0	25
14:50:00	53400	105	78	0	818	68	51	0	620	0	1	0	12	8	4	0	26	26	16	0	138	3	6	0	22
14:55:00	53700	84	82	0	820	59	64	0	615	0	0	0	12	1	4	0	23	23	10	0	151	1	4	0	19
15:00:00	54000	94	80	0	834	57	56	0	616	0	0	0	12	5	5	0	23	26	16	0	161	6	3	0	22
15:05:00	54300	98	77	0	855	66	61	0	621	0	0	0	12	2	4	0	21	25	12	0	174	5	0	0	27
15:10:00	54600	69	91	0	833	43	62	0	602	0	0	0	12	6	9	0	18	15	19	0	170	5	1	0	31
15:15:00	54900	86	60	0	859	56	43	0	615	0	0	0	12	3	2	0	19	20	12	0	178	7	3	0	35
15:20:00	55200	95	89	0	865	55	49	0	621	0	0	0	12	5	11	0	13	29	28	0	179	6	1	0	40
15:25:00	55500	68	67	0	866	42	46	0	617	0	0	0	12	1	2	0	12	18	17	0	180	7	2	0	45
15:30:00	55800	68	91	0	843	30	66	0	581	0	0	0	12	4	2	0	14	26	23	0	183	8	0	0	53
15:35:00	56100	86	81	0	848	42	52	0	571	0	0	0	12	6	6	0	14	26	23	0	186	12	0	0	65
15:40:00	56400	115	81	0	882	57	53	0	575	0	0	0	12	10	5	0	19	37	23	0	200	11	0	0	76
15:45:00	56700	113	78	0	917	60	40	0	595	0	0	0	12	12	9	0	22	28	29	0	199	13	0	0	89
15:50:00	57000	90	79	0	928	45	60	0	580	0	0	0	12	14	2	0	34	24	17	0	206	7	0	0	96
15:55:00	57300	97	74	0	951	48	52	0	576	0	0	0	12	10	4	0	40	25	18	0	213	14	0	0	110
16:00:00	57600	92	86	0	957	41	50	0	567	0	0	0	12	11	8	0	43	27	24	0	216	13	4	0	119
16:05:00	57900	97	110	0	944	45	56	0	556	0	0	0	12	8	11	0	40	25	27	0	214	19	16	0	122
16:10:00	58200	104	87	0	961	49	38	0	567	0	0	0	12	7	6	0	41	36	25	0	225	12	18	0	116
16:15:00	58500	120	94	0	987	57	48	0	576	0	0	0	12	15	9	0	47	41	28	0	238	7	9	0	114
16:20:00	58800	121	113	0	995	57	61	0	572	0	0	0	12	9	9	0	47	35	24	0	249	20	19	0	115
16:25:00	59100	106	93	0	1008	46	52	0	566	0	0	0	12	10	7	0	50	45	24	0	270	5	10	0	110
16:30:00	59400	120	124	0	1004	54	64	0	556	0	0	0	12	17	12	0	55	43	28	0	285	6	20	0	96
16:35:00	59700	109	112	0	1001	64	75	0	545	0	0	0	12	9	11	0	53	29	19	0	295	7	7	0	96
16:40:00	60000	116	112	0	1005	65	57	0	553	0	0	0	12	7	8	0	52	39	40	0	294	5	7	0	94
16:45:00	60300	123	110	0	1018	72	58	0	567	0	0	0	12	10	19	0	43	35	21	0	308	6	12	0	88
16:50:00	60600	166	127	0	1057	106	70	0	603	0	0	0	12	13	16	0	40	41	32	0	317	6	9	0	85
16:55:00	60900	152	115	0	1094	103	59	0	647	0	0	0	12	19	9	0	50	26	34	0	309	4	13	0	76
17:00:00	61200	156	140	0	1110	100	71	0	676	0	0	0	12	15	15	0	50	37	42	0	304	4	12	0	68
17:05:00	61500	140	133	0	1117	99	73	0	702	0	0	0	12	15	13	0	52	21	40	0	285	5	7	0	66
17:10:00	61800	218	122	0	1213	164	65	0	801	1	0	0	13	12	11	0	53	32	39	0	278	9	7	0	68
17:15:00	62100	150	149	0	1214	99	87	0	813	0	0	0	13	13	9	0	57	34	43	0	269	4	10	0	62
17:20:00	62400	222	130	0	1306	186	75	0	924	0	0	0	13	10	18	0	49	20	33	0	256	6	4	0	64
17:25:00	62700	256	128	0	1434	189	83	0	1030	0	0	0	13	24	11	0	62	31	34	0	253	12	0	0	76
17:30:00	63000	202	138	0	1498	167	90	0	1107	0	0	0	13	10	14	0	58	24	33	0	244	1	1	0	76
17:35:00	63300	250	133	0	1615	184	90	0	1201	0	0	0	13	19	9	0	68	43	33	0	254	4	1	0	79
17:40:00	63600	265	148	0	1732	209	105	0	1305	0	0	0	13	20	9	0	79	26	32	0	248	10	2	0	87
17:45:00	63900	282	180	0	1834	215	121	0	1399	0	0	0	13	24	22	0	81	29	37	0	240	14	0	0	101
17:50:00	64200	313	153	0	1994	237	104	0	1532	0	0	0	13	23	23	0	81	37	26	0	251	16	0	0	117
17:55:00	64500	315	188	0	2121	257	141	0	1648	1	0	0	14	16	14	0	83	29	33	0	247	12	0	0	129
18:00:00	64800	284	165	0	2240	226	120	0	1754	0	0	0	14	14	14	0	83	29	27	0	249	15	4	0	140
18:05:00	65100	317	238	0	2319	256	175	0	1835	0	0	0	14	9	18	0	74	41	30	0	260	11	15	0	136
18:10:00	65400	305	253	0	2371	247	184	0	1898	0	0	0	14	8	16	0	66	34	35	0	259	16	18	0	134
18:15:00	65700	305	234	0	2442	243	180	0	1961	2	0	0	16	16	16	0	66	33	27	0	265	11	11	0	134
18:20:00	66000	356	242	0	2556	289	189	0	2061	0	0	0	16	8	8	0	66	48	32	0	281	11	13	0	132
18:25:00	66300	310	249	0	2617	236	185	0	2112	0	0	0	16	19	14	0	71	41	39	0	283	14	11	0	135
18:30:00	66600	328	263	0	2682	246	200	0	2158	0	0	0	16	12	12	0	71	50	38	0	295	20	13	0	142
18:35:00	66900	303	292	0	2693	246	224	0	2180	0	0	0	16	14	22	0	63	35	37	0	293	8	9	0	141
18:40:00	67200	299	260	0	2732	224	206	0	2198	0	0	0	16	17	8	0	72	51	32	0	312	7	14	0	134
18:45:00	67500	351	296	0	2787	283	228	0	2253	0	0	0	16	17	16	0	73	44	34	0	322	7	18	0	123
18:50:00	67800	382	318	0	2851	299	254	0	2298	0	0	0	16	14	17	0	70	62	29	0	355	7	18	0	112
18:55:00	68100	239	321	0	2769	184	239	0	2243	0	1	0	15	13	17	0	66	38	52	0	341	4	12	0	104
19:00:00	68400	293	321	0	2741	235	259	0	2219	0	0	0	15	9	15	0	60	44	46	0	339	5	1	0	108
19:05:00	68700	302	288	0	2755	217	226	0	2210	0	0	0	15	23	20	0	63	57	35	0	361	5	7	0	106
19:10:00	69000	339	307	0	2787	276	232	0	2254	0	0	0	15	13	7	0	69	46	55	0	352	4	13	0	97
19:15:00	69300	376	271	0	2892	314	228	0	2340	0	0	0	15	10	8	0	71	49	29	0	372	3	6	0	94
19:20:00	69600	273	320	0	2845	200	264	0	2276	1	1	0	15	6	12	0	65	51	37	0	386	15	6	0	103
19:25:00	69900	255	293	0	2807	176	240	0	2212	0	0	0	15	16	14	0	67	56	38	0	404	7	1	0	109
19:30:00	70200	275	330	0	2752	186	271	0	2127	0	0	0	15	16	10	0	73	63	48	0	419	10	1	0	118
19:35:00	70500	251	329	0	2674	173	251	0	2049	0	0	0	15	11	19	0	65	59	57	0	421	8	2	0	124
19:40:00	70800	302	331	0	2645	232	259	0	2022	0	0	0	15	14	14	0	65	37	53	0	405	19	5	0	138
19:45:00	71100	303	303	0	2645	219	249	0	1992	0	0	0	15	20	9	0	76	50	43	0	412	14	2	0	150
19:50:00	71400	213	264	0	2594	128	206	0	1914	0	0	0	15	11	18	0	69	62	38	0	436	12	2	0	160
19:55:00	71700	200	309	0	2485	128	251	0	1791	0	0	0	15	13	14	0	68	45	43	0	438	14	1	0	173
20:00:00	72000	211	311	0	2385	131	243	0	1679	0	0	0	15	15	15	0	68	50	49	0	439	15	4	0	184
20:05:00	72300	302	276	0	2411	210	191	0	1698	0	0	0	15	24	16	0	76	60	56	0	443	8	13	0	179
20:10:00	72600	263	265	0	2409	183	174	0	1707	1	0	0	16	14	14	0	76	57	51	0	449	8	26	0	161
20:15:00	72900	183	258	0	2334	120	192	0	1635	0	0	0	16	10	8	0	78	41	46	0	444	12	12	0	161
20:20:00	73200	182	242	0	2274	116	165	0	1586	0	0	0	16	4	11	0	71	52	47	0	449	10	19	0	152
20:25:00	73500	161	278	0	2157	91	184	0	1493	0	1	0	15	17	19	0	69	46	61	0	434	7	13	0	146
20:30:00	73800	180	277	0	2060	106	209	0	1390	0	0	0	15	18	9	0	78	50	47	0	437	6	12	0	140
20:35:00	74100	204	284	0	1980	142	185	0	1347	0	0	0	15	19	18	0	79	38	64	0	411	5	17	0	128
20:40:00	74400	169	248	0	1901	105	174	0	1278	0	0	0	15	16	11	0	84	43	46	0	408	5	17	0	116
20:45:00	74700	134	191	0	1844	64	127	0	1215	0	0	0	15	10	13	0	81	55	41	0	422	5	10	0	111
20:50:00	75000	138	215	0	1767	78	124	0	1169	0	0	0	15	12	10	0	83	47	65	0	404	1	16	0	96
20:55:00	75300	139	215	0	1691	77	136	0	1110	0	0	0	15	13	17	0	79	45	52	0	397	4	10	0	90
21:00:00	75600	148	205	0	1634	104	137	0	1077	0	0	0	15	16	15	0	80	24	47	0	374	4	6	0	88
21:05:00	75900	160	186	0	1608	104	111	0	1070	0	1	0	14	13	13	0	80	38	56	0	356	5	5	0	88
21:10:00	76200	114	169	0	1553	63	104	0	1029	0	0	0	14	6	16	0	70	45	43	0	358	0	6	0	82
21:15:00	76500	117	193	0	1477	57	133	0	953	0	0	0	14	17	15	0	72	39	43	0	354	4	2	0	84
21:20:00	76800	107	169	0	1415	54	111	0	896	0	0	0	14	13	17	0	68	38	37	0	355	2	4	0	82
21:25:00	77100	118	173	0	1360	54	120	0	830	0	0	0	14	14	11	0	71	45	37	0	363	5	5	0	82
21:30:00	77400	145	159	0	1346	96	94	0	832	0	0	0	14	11	12	0	70	34	53	0	344	4	0	0	86
21:35:00	77700	107	157	0	1296	53	97	0	788	0	0	0	14	10	15	0	65	37	42	0	339	7	3	0	90
21:40:00	78000	95	132	0	1259	39	79	0	748	0	0	0	14	10	13	0	62	40	38	0	341	6	2	0	94
21:45:00	78300	104	154	0	1209	40	96	0	692	0	0	0	14	9	10	0	61	45	48	0	338	10	0	0	104
21:50:00	78600	109	135	0	1183	43	84	0	651	0	0	0	14	12	12	0	61	45	39	0	344	9	0	0	113
21:55:00	78900	95	160	0	1118	50	90	0	611	0	0	0	14	10	21	0	50	31	48	0	327	4	1	0	116
22:00:00	79200	100	137	0	1081	54	89	0	576	0	0	0	14	3	8	0	45	32	37	0	322	11	3	0	124
22:05:00	79500	81	113	0	1049	33	70	0	539	0	0	0	14	9	8	0	46	29	29	0	322	10	6	0	128
22:10:00	79800	67	122	0	994	19	63	0	495	0	0	0	14	8	12	0	42	34	34	0	322	6	13	0	121
22:15:00	80100	81	95	0	980	32	45	0	482	0	0	0	14	14	9	0	47	30	29	0	323	5	12	0	114
22:20:00	80400	63	118	0	925	22	60	0	444	0	0	0	14	6	13	0	40	31	33	0	321	4	12	0	106
22:25:00	80700	93	100	0	918	36	52	0	428	0	0	0	14	10	10	0	40	34	29	0	326	13	9	0	110
22:30:00	81000	76	96	0	898	19	41	0	406	0	0	0	14	10	10	0	40	41	39	0	328	6	6	0	110
22:35:00	81300	76	80	0	894	19	35	0	390	0	0	0	14	12	5	0	47	36	36	0	328	9	4	0	115
22:40:00	81600	64	100	0	858	16	48	0	358	0	0	0	14	7	9	0	45	38	36	0	330	3	7	0	111
22:45:00	81900	59	107	0	810	15	48	0	325	0	0	0	14	9	11	0	43	33	41	0	322	2	7	0	106
22:50:00	82200	52	108	0	754	12	48	0	289	0	0	0	14	6	9	0	40	32	37	0	317	2	14	0	94
22:55:00	82500	56	101	0	709	17	30	0	276	0	0	0	14	8	10	0	38	27	54	0	290	4	7	0	91
23:00:00	82800	50	84	0	675	6	30	0	252	0	0	0	14	10	6	0	42	32	41	0	281	2	7	0	86
23:05:00	83100	42	85	0	632	7	36	0	223	0	0	0	14	4	11	0	35	29	30	0	280	2	8	0	80
23:10:00	83400	51	76	0	607	12	21	0	214	0	0	0	14	10	7	0	38	26	43	0	263	3	5	0	78
23:15:00	83700	51	80	0	578	9	29	0	194	0	0	0	14	7	9	0	36	29	41	0	251	6	1	0	83
23:20:00	84000	34	61	0	551	11	24	0	181	0	0	0	14	3	7	0	32	19	28	0	242	1	2	0	82
23:25:00	84300	37	59	0	529	8	18	0	171	0	0	0	14	8	9	0	31	19	26	0	235	2	6	0	78
23:30:00	84600	52	69	0	512	6	28	0	149	0	0	0	14	6	6	0	31	31	29	0	237	9	6	0	81
23:35:00	84900	49	65	0	496	3	21	0	131	0	0	0	14	9	3	0	37	30	37	0	230	7	4	0	84
23:40:00	85200	52	62	0	486	9	19	0	121	0	0	0	14	9	11	0	35	27	27	0	230	7	5	0	86
23:45:00	85500	48	47	0	487	8	11	0	118	0	0	0	14	15	4	0	46	24	29	0	225	1	3	0	84
23:50:00	85800	40	59	0	468	6	19	0	105	0	0	0	14	8	7	0	47	22	30	0	217	4	3	0	85
23:55:00	86100	31	51	0	448	5	10	0	100	0	0	0	14	5	9	0	43	15	30	0	202	6	2	0	89
24:00:00	86400	695	63	0	1080	42	15	0	127	0	0	0	14	84	7	0	120	566	37	0	731	3	4	0	88
24:05:00	86700	46	54	0	1072	0	12	0	115	0	0	0	14	30	13	0	137	16	24	0	723	0	5	0	83
24:10:00	87000	20	78	0	1014	0	14	0	101	0	0	0	14	11	20	0	128	9	38	0	694	0	6	0	77
24:15:00	87300	17	83	0	948	1	4	0	98	0	0	0	14	12	15	0	125	4	55	0	643	0	9	0	68
24:20:00	87600	13	98	0	863	0	9	0	89	0	0	0	14	7	29	0	103	6	50	0	599	0	10	0	58
24:25:00	87900	13	124	0	752	1	14	0	76	0	0	0	14	10	31	0	82	2	73	0	528	0	6	0	52
24:30:00	88200	14	85	0	681	1	10	0	67	0	0	0	14	12	19	0	75	1	50	0	479	0	6	0	46
24:35:00	88500	14	123	0	572	0	11	0	56	0	0	0	14	13	23	0	65	1	82	0	398	0	7	0	39
24:40:00	88800	14	88	0	498	0	9	0	47	0	0	0	14	11	17	0	59	3	61	0	340	0	1	0	38
24:45:00	89100	5	78	0	425	0	3	0	44	0	0	0	14	5	15	0	49	0	56	0	284	0	4	0	34
24:50:00	89400	4	72	0	357	0	7	0	37	0	0	0	14	2	18	0	33	2	45	0	241	0	2	0	32
24:55:00	89700	6	64	0	299	0	3	0	34	0	0	0	14	3	13	0	23	3	47	0	197	0	1	0	31
25:00:00	90000	3	43	0	259	0	1	0	33	0	0	0	14	3	5	0	21	0	36	0	161	0	1	0	30
25:05:00	90300	2	54	0	207	0	8	0	25	0	0	0	14	2	7	0	16	0	39	0	122	0	0	0	30
25:10:00	90600	6	50	0	163	0	5	0	20	0	0	0	14	2	2	0	16	4	42	0	84	0	1	0	29
25:15:00	90900	3	39	0	127	0	0	0	20	0	0	0	14	1	3	0	14	2	36	0	50	0	0	0	29
25:20:00	91200	3	24	0	106	0	1	0	19	0	0	0	14	0	2	0	12	3	21	0	32	0	0	0	29
25:25:00	91500	1	24	0	83	0	1	0	18	0	0	0	14	1	5	0	8	0	18	0	14	0	0	0	29
25:30:00	91800	3	17	0	69	0	2	0	16	0	0	0	14	0	2	0	6	3	13	0	4	0	0	0	29
25:35:00	92100	1	13	0	57	0	1	0	15	0	0	0	14	1	1	0	6	0	11	0	-7	0	0	0	29
25:40:00	92400	2	12	0	47	0	1	0	14	0	0	0	14	1	1	0	6	1	10	0	-16	0	0	0	29
25:45:00	92700	0	8	0	39	0	0	0	14	0	0	0	14	0	3	0	3	0	5	0	-21	0	0	0	29
25:50:00	93000	2	7	0	34	0	2	0	12	0	0	0	14	2	1	0	4	0	4	0	-25	0	0	0	29
25:55:00	93300	1	5	0	30	0	0	0	12	0	0	0	14	1	1	0	4	0	4	0	-29	0	0	0	29
26:00:00	93600	1	1	0	30	0	0	0	12	0	0	0	14	0	0	0	4	1	1	0	-29	0	0	0	29
26:05:00	93900	0	3	0	27	0	1	0	11	0	0	0	14	0	1	0	3	0	1	0	-30	0	0	0	29
26:10:00	94200	0	2	0	25	0	0	0	11	0	0	0	14	0	0	0	3	0	2	0	-32	0	0	0	29
26:15:00	94500	0	1	0	24	0	0	0	11	0	0	0	14	0	1	0	2	0	0	0	-32	0	0	0	29
26:20:00	94800	1	2	0	23	0	0	0	11	0	0	0	14	1	1	0	2	0	1	0	-33	0	0	0	29
26:25:00	95100	1	2	0	22	0	0	0	11	0	0	0	14	1	0	0	3	0	2	0	-35	0	0	0	29
26:30:00	95400	1	6	0	17	0	1	0	10	0	0	0	14	1	1	0	3	0	4	0	-39	0	0	0	29
26:35:00	95700	0	1	0	16	0	0	0	10	0	0	0	14	0	0	0	3	0	1	0	-40	0	0	0	29
26:40:00	96000	0	1	0	15	0	0	0	10	0	0	0	14	0	0	0	3	0	1	0	-41	0	0	0	29
26:45:00	96300	0	2	0	13	0	0	0	10	0	0	0	14	0	1	0	2	0	1	0	-42	0	0	0	29
26:50:00	96600	0	0	0	13	0	0	0	10	0	0	0	14	0	0	0	2	0	0	0	-42	0	0	0	29
26:55:00	96900	0	0	0	13	0	0	0	10	0	0	0	14	0	0	0	2	0	0	0	-42	0	0	0	29
27:00:00	97200	0	0	0	13	0	0	0	10	0	0	0	14	0	0	0	2	0	0	0	-42	0	0	0	29
27:05:00	97500	0	2	0	11	0	1	0	9	0	0	0	14	0	1	0	1	0	0	0	-42	0	0	0	29
27:10:00	97800	0	1	0	10	0	0	0	9	0	0	0	14	0	1	0	0	0	0	0	-42	0	0	0	29
27:15:00	98100	0	0	0	10	0	0	0	9	0	0	0	14	0	0	0	0	0	0	0	-42	0	0	0	29
27:20:00	98400	0	1	0	9	0	0	0	9	0	0	0	14	0	0	0	0	0	1	0	-43	0	0	0	29
27:25:00	98700	0	0	0	9	0	0	0	9	0	0	0	14	0	0	0	0	0	0	0	-43	0	0	0	29
27:30:00	99000	0	0	0	9	0	0	0	9	0	0	0	14	0	0	0	0	0	0	0	-43	0	0	0	29
27:35:00	99300	0	0	0	9	0	0	0	9	0	0	0	14	0	0	0	0	0	0	0	-43	0	0	0	29
27:40:00	99600	1	0	0	10	0	0	0	9	0	0	0	14	1	0	0	1	0	0	0	-43	0	0	0	29
27:45:00	99900	1	0	0	11	0	0	0	9	0	0	0	14	1	0	0	2	0	0	0	-43	0	0	0	29
27:50:00	100200	1	1	0	11	0	0	0	9	0	0	0	14	1	1	0	2	0	0	0	-43	0	0	0	29
27:55:00	100500	1	0	0	12	1	0	0	10	0	0	0	14	0	0	0	2	0	0	0	-43	0	0	0	29
28:00:00	100800	0	1	0	11	0	0	0	10	0	0	0	14	0	1	0	1	0	0	0	-43	0	0	0	29
28:05:00	101100	0	0	0	11	0	0	0	10	0	0	0	14	0	0	0	1	0	0	0	-43	0	0	0	29
28:10:00	101400	0	1	0	10	0	0	0	10	0	0	0	14	0	1	0	0	0	0	0	-43	0	0	0	29
28:15:00	101700	1	2	0	9	1	2	0	9	0	0	0	14	0	0	0	0	0	0	0	-43	0	0	0	29
28:20:00	102000	0	0	0	9	0	0	0	9	0	0	0	14	0	0	0	0	0	0	0	-43	0	0	0	29
28:25:00	102300	0	0	0	9	0	0	0	9	0	0	0	14	0	0	0	0	0	0	0	-43	0	0	0	29
28:30:00	102600	2	0	0	11	0	0	0	9	0	0	0	14	2	0	0	2	0	0	0	-43	0	0	0	29
28:35:00	102900	0	0	0	11	0	0	0	9	0	0	0	14	0	0	0	2	0	0	0	-43	0	0	0	29
28:40:00	103200	0	1	0	10	0	1	0	8	0	0	0	14	0	0	0	2	0	0	0	-43	0	0	0	29
28:45:00	103500	0	1	0	9	0	1	0	7	0	0	0	14	0	0	0	2	0	0	0	-43	0	0	0	29
28:50:00	103800	0	0	0	9	0	0	0	7	0	0	0	14	0	0	0	2	0	0	0	-43	0	0	0	29
28:55:00	104100	0	2	0	7	0	0	0	7	0	0	0	14	0	2	0	0	0	0	0	-43	0	0	0	29
29:00:00	104400	0	0	0	7	0	0	0	7	0	0	0	14	0	0	0	0	0	0	0	-43	0	0	0	29
29:05:00	104700	0	0	0	7	0	0	0	7	0	0	0	14	0	0	0	0	0	0	0	-43	0	0	0	29
29:10:00	105000	0	0	0	7	0	0	0	7	0	0	0	14	0	0	0	0	0	0	0	-43	0	0	0	29
29:15:00	105300	0	0	0	7	0	0	0	7	0	0	0	14	0	0	0	0	0	0	0	-43	0	0	0	29
29:20:00	105600	0	0	0	7	0	0	0	7	0	0	0	14	0	0	0	0	0	0	0	-43	0	0	0	29
29:25:00	105900	1	0	0	8	0	0	0	7	0	0	0	14	0	0	0	0	1	0	0	-42	0	0	0	29
29:30:00	106200	0	0	0	8	0	0	0	7	0	0	0	14	0	0	0	0	0	0	0	-42	0	0	0	29
29:35:00	106500	2	0	0	10	2	0	0	9	0	0	0	14	0	0	0	0	0	0	0	-42	0	0	0	29
29:40:00	106800	1	1	0	10	1	1	0	9	0	0	0	14	0	0	0	0	0	0	0	-42	0	0	0	29
29:45:00	107100	2	0	0	12	2	0	0	11	0	0	0	14	0	0	0	0	0	0	0	-42	0	0	0	29
29:50:00	107400	1	0	0	13	1	0	0	12	0	0	0	14	0	0	0	0	0	0	0	-42	0	0	0	29
29:55:00	107700	1	1	0	13	1	1	0	12	0	0	0	14	0	0	0	0	0	0	0	-42	0	0	0	29
30:00:00	108000	0	0	0	13	0	0	0	12	0	0	0	14	0	0	0	0	0	0	0	-42	0	0	0	29
30:05:00	108300	0	0	0	13	0	0	0	12	0	0	0	14	0	0	0	0	0	0	0	-42	0	0	0	29
