time	time	departures_all	arrivals_all	stuck_all	en-route_all	departures_car	arrivals_car	stuck_car	en-route_car	departures_drive_transit	arrivals_drive_transit	stuck_drive_transit	en-route_drive_transit	departures_ride_hail	arrivals_ride_hail	stuck_ride_hail	en-route_ride_hail	departures_walk	arrivals_walk	stuck_walk	en-route_walk	departures_walk_transit	arrivals_walk_transit	stuck_walk_transit	en-route_walk_transit
00:00:00	0	0	0	0	0	0	0	0	0	0	0	0	0	0	0	0	0	0	0	0	0	0	0	0	0
00:05:00	300	0	0	0	0	0	0	0	0	0	0	0	0	0	0	0	0	0	0	0	0	0	0	0	0
00:10:00	600	0	0	0	0	0	0	0	0	0	0	0	0	0	0	0	0	0	0	0	0	0	0	0	0
00:15:00	900	0	0	0	0	0	0	0	0	0	0	0	0	0	0	0	0	0	0	0	0	0	0	0	0
00:20:00	1200	0	0	0	0	0	0	0	0	0	0	0	0	0	0	0	0	0	0	0	0	0	0	0	0
00:25:00	1500	0	0	0	0	0	0	0	0	0	0	0	0	0	0	0	0	0	0	0	0	0	0	0	0
00:30:00	1800	0	0	0	0	0	0	0	0	0	0	0	0	0	0	0	0	0	0	0	0	0	0	0	0
00:35:00	2100	0	0	0	0	0	0	0	0	0	0	0	0	0	0	0	0	0	0	0	0	0	0	0	0
00:40:00	2400	0	0	0	0	0	0	0	0	0	0	0	0	0	0	0	0	0	0	0	0	0	0	0	0
00:45:00	2700	0	0	0	0	0	0	0	0	0	0	0	0	0	0	0	0	0	0	0	0	0	0	0	0
00:50:00	3000	0	0	0	0	0	0	0	0	0	0	0	0	0	0	0	0	0	0	0	0	0	0	0	0
00:55:00	3300	0	0	0	0	0	0	0	0	0	0	0	0	0	0	0	0	0	0	0	0	0	0	0	0
01:00:00	3600	0	0	0	0	0	0	0	0	0	0	0	0	0	0	0	0	0	0	0	0	0	0	0	0
01:05:00	3900	0	0	0	0	0	0	0	0	0	0	0	0	0	0	0	0	0	0	0	0	0	0	0	0
01:10:00	4200	0	0	0	0	0	0	0	0	0	0	0	0	0	0	0	0	0	0	0	0	0	0	0	0
01:15:00	4500	0	0	0	0	0	0	0	0	0	0	0	0	0	0	0	0	0	0	0	0	0	0	0	0
01:20:00	4800	0	0	0	0	0	0	0	0	0	0	0	0	0	0	0	0	0	0	0	0	0	0	0	0
01:25:00	5100	0	0	0	0	0	0	0	0	0	0	0	0	0	0	0	0	0	0	0	0	0	0	0	0
01:30:00	5400	0	0	0	0	0	0	0	0	0	0	0	0	0	0	0	0	0	0	0	0	0	0	0	0
01:35:00	5700	0	0	0	0	0	0	0	0	0	0	0	0	0	0	0	0	0	0	0	0	0	0	0	0
01:40:00	6000	0	0	0	0	0	0	0	0	0	0	0	0	0	0	0	0	0	0	0	0	0	0	0	0
01:45:00	6300	0	0	0	0	0	0	0	0	0	0	0	0	0	0	0	0	0	0	0	0	0	0	0	0
01:50:00	6600	0	0	0	0	0	0	0	0	0	0	0	0	0	0	0	0	0	0	0	0	0	0	0	0
01:55:00	6900	0	0	0	0	0	0	0	0	0	0	0	0	0	0	0	0	0	0	0	0	0	0	0	0
02:00:00	7200	0	0	0	0	0	0	0	0	0	0	0	0	0	0	0	0	0	0	0	0	0	0	0	0
02:05:00	7500	0	0	0	0	0	0	0	0	0	0	0	0	0	0	0	0	0	0	0	0	0	0	0	0
02:10:00	7800	0	0	0	0	0	0	0	0	0	0	0	0	0	0	0	0	0	0	0	0	0	0	0	0
02:15:00	8100	0	0	0	0	0	0	0	0	0	0	0	0	0	0	0	0	0	0	0	0	0	0	0	0
02:20:00	8400	0	0	0	0	0	0	0	0	0	0	0	0	0	0	0	0	0	0	0	0	0	0	0	0
02:25:00	8700	0	0	0	0	0	0	0	0	0	0	0	0	0	0	0	0	0	0	0	0	0	0	0	0
02:30:00	9000	0	0	0	0	0	0	0	0	0	0	0	0	0	0	0	0	0	0	0	0	0	0	0	0
02:35:00	9300	0	0	0	0	0	0	0	0	0	0	0	0	0	0	0	0	0	0	0	0	0	0	0	0
02:40:00	9600	0	0	0	0	0	0	0	0	0	0	0	0	0	0	0	0	0	0	0	0	0	0	0	0
02:45:00	9900	0	0	0	0	0	0	0	0	0	0	0	0	0	0	0	0	0	0	0	0	0	0	0	0
02:50:00	10200	0	0	0	0	0	0	0	0	0	0	0	0	0	0	0	0	0	0	0	0	0	0	0	0
02:55:00	10500	0	0	0	0	0	0	0	0	0	0	0	0	0	0	0	0	0	0	0	0	0	0	0	0
03:00:00	10800	0	0	0	0	0	0	0	0	0	0	0	0	0	0	0	0	0	0	0	0	0	0	0	0
03:05:00	11100	0	0	0	0	0	0	0	0	0	0	0	0	0	0	0	0	0	0	0	0	0	0	0	0
03:10:00	11400	0	0	0	0	0	0	0	0	0	0	0	0	0	0	0	0	0	0	0	0	0	0	0	0
03:15:00	11700	0	0	0	0	0	0	0	0	0	0	0	0	0	0	0	0	0	0	0	0	0	0	0	0
03:20:00	12000	0	0	0	0	0	0	0	0	0	0	0	0	0	0	0	0	0	0	0	0	0	0	0	0
03:25:00	12300	0	0	0	0	0	0	0	0	0	0	0	0	0	0	0	0	0	0	0	0	0	0	0	0
03:30:00	12600	0	0	0	0	0	0	0	0	0	0	0	0	0	0	0	0	0	0	0	0	0	0	0	0
03:35:00	12900	0	0	0	0	0	0	0	0	0	0	0	0	0	0	0	0	0	0	0	0	0	0	0	0
03:40:00	13200	0	0	0	0	0	0	0	0	0	0	0	0	0	0	0	0	0	0	0	0	0	0	0	0
03:45:00	13500	0	0	0	0	0	0	0	0	0	0	0	0	0	0	0	0	0	0	0	0	0	0	0	0
03:50:00	13800	0	0	0	0	0	0	0	0	0	0	0	0	0	0	0	0	0	0	0	0	0	0	0	0
03:55:00	14100	0	0	0	0	0	0	0	0	0	0	0	0	0	0	0	0	0	0	0	0	0	0	0	0
04:00:00	14400	0	0	0	0	0	0	0	0	0	0	0	0	0	0	0	0	0	0	0	0	0	0	0	0
04:05:00	14700	0	0	0	0	0	0	0	0	0	0	0	0	0	0	0	0	0	0	0	0	0	0	0	0
04:10:00	15000	0	0	0	0	0	0	0	0	0	0	0	0	0	0	0	0	0	0	0	0	0	0	0	0
04:15:00	15300	0	0	0	0	0	0	0	0	0	0	0	0	0	0	0	0	0	0	0	0	0	0	0	0
04:20:00	15600	0	0	0	0	0	0	0	0	0	0	0	0	0	0	0	0	0	0	0	0	0	0	0	0
04:25:00	15900	0	0	0	0	0	0	0	0	0	0	0	0	0	0	0	0	0	0	0	0	0	0	0	0
04:30:00	16200	0	0	0	0	0	0	0	0	0	0	0	0	0	0	0	0	0	0	0	0	0	0	0	0
04:35:00	16500	0	0	0	0	0	0	0	0	0	0	0	0	0	0	0	0	0	0	0	0	0	0	0	0
04:40:00	16800	0	0	0	0	0	0	0	0	0	0	0	0	0	0	0	0	0	0	0	0	0	0	0	0
04:45:00	17100	0	0	0	0	0	0	0	0	0	0	0	0	0	0	0	0	0	0	0	0	0	0	0	0
04:50:00	17400	0	0	0	0	0	0	0	0	0	0	0	0	0	0	0	0	0	0	0	0	0	0	0	0
04:55:00	17700	0	0	0	0	0	0	0	0	0	0	0	0	0	0	0	0	0	0	0	0	0	0	0	0
05:00:00	18000	0	0	0	0	0	0	0	0	0	0	0	0	0	0	0	0	0	0	0	0	0	0	0	0
05:05:00	18300	0	0	0	0	0	0	0	0	0	0	0	0	0	0	0	0	0	0	0	0	0	0	0	0
05:10:00	18600	0	0	0	0	0	0	0	0	0	0	0	0	0	0	0	0	0	0	0	0	0	0	0	0
05:15:00	18900	0	0	0	0	0	0	0	0	0	0	0	0	0	0	0	0	0	0	0	0	0	0	0	0
05:20:00	19200	0	0	0	0	0	0	0	0	0	0	0	0	0	0	0	0	0	0	0	0	0	0	0	0
05:25:00	19500	0	0	0	0	0	0	0	0	0	0	0	0	0	0	0	0	0	0	0	0	0	0	0	0
05:30:00	19800	0	0	0	0	0	0	0	0	0	0	0	0	0	0	0	0	0	0	0	0	0	0	0	0
05:35:00	20100	0	0	0	0	0	0	0	0	0	0	0	0	0	0	0	0	0	0	0	0	0	0	0	0
05:40:00	20400	0	0	0	0	0	0	0	0	0	0	0	0	0	0	0	0	0	0	0	0	0	0	0	0
05:45:00	20700	0	0	0	0	0	0	0	0	0	0	0	0	0	0	0	0	0	0	0	0	0	0	0	0
05:50:00	21000	0	0	0	0	0	0	0	0	0	0	0	0	0	0	0	0	0	0	0	0	0	0	0	0
05:55:00	21300	0	0	0	0	0	0	0	0	0	0	0	0	0	0	0	0	0	0	0	0	0	0	0	0
06:00:00	21600	0	0	0	0	0	0	0	0	0	0	0	0	0	0	0	0	0	0	0	0	0	0	0	0
06:05:00	21900	0	0	0	0	0	0	0	0	0	0	0	0	0	0	0	0	0	0	0	0	0	0	0	0
06:10:00	22200	0	0	0	0	0	0	0	0	0	0	0	0	0	0	0	0	0	0	0	0	0	0	0	0
06:15:00	22500	0	0	0	0	0	0	0	0	0	0	0	0	0	0	0	0	0	0	0	0	0	0	0	0
06:20:00	22800	0	0	0	0	0	0	0	0	0	0	0	0	0	0	0	0	0	0	0	0	0	0	0	0
06:25:00	23100	0	0	0	0	0	0	0	0	0	0	0	0	0	0	0	0	0	0	0	0	0	0	0	0
06:30:00	23400	0	0	0	0	0	0	0	0	0	0	0	0	0	0	0	0	0	0	0	0	0	0	0	0
06:35:00	23700	0	0	0	0	0	0	0	0	0	0	0	0	0	0	0	0	0	0	0	0	0	0	0	0
06:40:00	24000	1	0	0	1	1	0	0	1	0	0	0	0	0	0	0	0	0	0	0	0	0	0	0	0
06:45:00	24300	1	0	0	2	1	0	0	2	0	0	0	0	0	0	0	0	0	0	0	0	0	0	0	0
06:50:00	24600	0	0	0	2	0	0	0	2	0	0	0	0	0	0	0	0	0	0	0	0	0	0	0	0
06:55:00	24900	2	2	0	2	2	2	0	2	0	0	0	0	0	0	0	0	0	0	0	0	0	0	0	0
07:00:00	25200	0	0	0	2	0	0	0	2	0	0	0	0	0	0	0	0	0	0	0	0	0	0	0	0
07:05:00	25500	3	0	0	5	3	0	0	5	0	0	0	0	0	0	0	0	0	0	0	0	0	0	0	0
07:10:00	25800	5	2	0	8	5	2	0	8	0	0	0	0	0	0	0	0	0	0	0	0	0	0	0	0
07:15:00	26100	19	0	0	27	19	0	0	27	0	0	0	0	0	0	0	0	0	0	0	0	0	0	0	0
07:20:00	26400	21	1	0	47	21	1	0	47	0	0	0	0	0	0	0	0	0	0	0	0	0	0	0	0
07:25:00	26700	36	7	0	76	36	7	0	76	0	0	0	0	0	0	0	0	0	0	0	0	0	0	0	0
07:30:00	27000	60	11	0	125	60	11	0	125	0	0	0	0	0	0	0	0	0	0	0	0	0	0	0	0
07:35:00	27300	75	13	0	187	75	13	0	187	0	0	0	0	0	0	0	0	0	0	0	0	0	0	0	0
07:40:00	27600	91	31	0	247	91	31	0	247	0	0	0	0	0	0	0	0	0	0	0	0	0	0	0	0
07:45:00	27900	130	31	0	346	130	31	0	346	0	0	0	0	0	0	0	0	0	0	0	0	0	0	0	0
07:50:00	28200	151	67	0	430	151	67	0	430	0	0	0	0	0	0	0	0	0	0	0	0	0	0	0	0
07:55:00	28500	254	62	0	622	254	62	0	622	0	0	0	0	0	0	0	0	0	0	0	0	0	0	0	0
08:00:00	28800	280	80	0	822	275	80	0	817	1	0	0	1	3	0	0	3	1	0	0	1	0	0	0	0
08:05:00	29100	384	82	0	1124	380	82	0	1115	0	0	0	1	2	0	0	5	2	0	0	3	0	0	0	0
08:10:00	29400	373	134	0	1363	363	132	0	1346	1	0	0	2	3	2	0	6	6	0	0	9	0	0	0	0
08:15:00	29700	435	154	0	1644	427	152	0	1621	0	0	0	2	4	2	0	8	4	0	0	13	0	0	0	0
08:20:00	30000	398	166	0	1876	386	160	0	1847	1	0	0	3	3	6	0	5	5	0	0	18	3	0	0	3
08:25:00	30300	475	170	0	2181	463	169	0	2141	0	0	0	3	0	1	0	4	11	0	0	29	1	0	0	4
08:30:00	30600	415	190	0	2406	405	185	0	2361	0	0	0	3	2	4	0	2	7	1	0	35	1	0	0	5
08:35:00	30900	452	200	0	2658	431	197	0	2595	0	0	0	3	1	1	0	2	19	2	0	52	1	0	0	6
08:40:00	31200	447	247	0	2858	433	238	0	2790	0	0	0	3	1	1	0	2	12	7	0	57	1	1	0	6
08:45:00	31500	430	238	0	3050	418	235	0	2973	0	0	0	3	0	0	0	2	12	2	0	67	0	1	0	5
08:50:00	31800	403	224	0	3229	392	217	0	3148	0	0	0	3	1	1	0	2	10	3	0	74	0	3	0	2
08:55:00	32100	348	211	0	3366	338	202	0	3284	0	0	0	3	1	1	0	2	9	5	0	78	0	3	0	-1
09:00:00	32400	302	238	0	3430	291	236	0	3339	0	0	0	3	0	0	0	2	11	2	0	87	0	0	0	-1
09:05:00	32700	308	250	0	3488	298	243	0	3394	0	0	0	3	1	0	0	3	8	7	0	88	1	0	0	0
09:10:00	33000	284	226	0	3546	268	217	0	3445	0	0	0	3	0	1	0	2	15	8	0	95	1	0	0	1
09:15:00	33300	241	219	0	3568	233	209	0	3469	0	0	0	3	1	2	0	1	7	8	0	94	0	0	0	1
09:20:00	33600	205	226	0	3547	198	213	0	3454	0	0	0	3	0	0	0	1	6	13	0	87	1	0	0	2
09:25:00	33900	195	248	0	3494	185	232	0	3407	0	0	0	3	0	1	0	0	9	15	0	81	1	0	0	3
09:30:00	34200	173	228	0	3439	165	219	0	3353	1	0	0	4	0	0	0	0	6	9	0	78	1	0	0	4
09:35:00	34500	136	243	0	3332	132	234	0	3251	0	0	0	4	1	0	0	1	3	9	0	72	0	0	0	4
09:40:00	34800	133	251	0	3214	126	239	0	3138	0	0	0	4	0	1	0	0	6	11	0	67	1	0	0	5
09:45:00	35100	130	251	0	3093	117	236	0	3019	1	0	0	5	1	0	0	1	10	15	0	62	1	0	0	6
09:50:00	35400	97	225	0	2965	94	216	0	2897	0	0	0	5	0	0	0	1	3	9	0	56	0	0	0	6
09:55:00	35700	86	229	0	2822	82	219	0	2760	0	0	0	5	1	0	0	2	3	10	0	49	0	0	0	6
10:00:00	36000	63	224	0	2661	56	209	0	2607	1	0	0	6	1	1	0	2	5	14	0	40	0	0	0	6
10:05:00	36300	65	223	0	2503	62	209	0	2460	0	0	0	6	1	1	0	2	2	12	0	30	0	1	0	5
10:10:00	36600	70	218	0	2355	60	207	0	2313	0	0	0	6	0	0	0	2	10	10	0	30	0	1	0	4
10:15:00	36900	25	229	0	2151	23	220	0	2116	1	1	0	6	0	0	0	2	0	7	0	23	1	1	0	4
10:20:00	37200	54	199	0	2006	41	182	0	1975	1	0	0	7	2	0	0	4	10	15	0	18	0	2	0	2
10:25:00	37500	42	223	0	1825	38	215	0	1798	0	0	0	7	1	1	0	4	3	6	0	15	0	1	0	1
10:30:00	37800	34	168	0	1691	32	165	0	1665	0	0	0	7	0	2	0	2	1	1	0	15	1	0	0	2
10:35:00	38100	43	185	0	1549	40	180	0	1525	0	0	0	7	1	1	0	2	2	4	0	13	0	0	0	2
10:40:00	38400	29	157	0	1421	24	153	0	1396	0	0	0	7	1	0	0	3	4	4	0	13	0	0	0	2
10:45:00	38700	31	146	0	1306	27	139	0	1284	0	1	0	6	1	1	0	3	3	4	0	12	0	1	0	1
10:50:00	39000	39	153	0	1192	34	148	0	1170	0	0	0	6	1	0	0	4	3	5	0	10	1	0	0	2
10:55:00	39300	36	126	0	1102	32	120	0	1082	0	0	0	6	1	1	0	4	3	4	0	9	0	1	0	1
11:00:00	39600	48	129	0	1021	38	118	0	1002	0	0	0	6	3	3	0	4	7	7	0	9	0	1	0	0
11:05:00	39900	29	107	0	943	25	103	0	924	0	0	0	6	3	3	0	4	1	1	0	9	0	0	0	0
11:10:00	40200	36	111	0	868	33	107	0	850	0	0	0	6	0	1	0	3	3	3	0	9	0	0	0	0
11:15:00	40500	50	105	0	813	41	96	0	795	0	0	0	6	2	1	0	4	7	8	0	8	0	0	0	0
11:20:00	40800	64	85	0	792	57	84	0	768	0	0	0	6	3	0	0	7	2	0	0	10	2	1	0	1
11:25:00	41100	29	78	0	743	24	72	0	720	0	0	0	6	1	3	0	5	3	3	0	10	1	0	0	2
11:30:00	41400	47	74	0	716	42	73	0	689	0	0	0	6	0	0	0	5	2	1	0	11	3	0	0	5
11:35:00	41700	44	79	0	681	40	74	0	655	0	0	0	6	0	3	0	2	2	2	0	11	2	0	0	7
11:40:00	42000	36	62	0	655	34	59	0	630	0	0	0	6	1	1	0	2	1	2	0	10	0	0	0	7
11:45:00	42300	62	56	0	661	59	53	0	636	0	0	0	6	1	0	0	3	2	3	0	9	0	0	0	7
11:50:00	42600	48	69	0	640	43	63	0	616	0	0	0	6	0	2	0	1	4	4	0	9	1	0	0	8
11:55:00	42900	57	62	0	635	50	62	0	604	1	0	0	7	1	0	0	2	2	0	0	11	3	0	0	11
12:00:00	43200	29	49	0	615	22	46	0	580	0	0	0	7	2	0	0	4	2	2	0	11	3	1	0	13
12:05:00	43500	50	65	0	600	41	57	0	564	0	0	0	7	2	1	0	5	4	4	0	11	3	3	0	13
12:10:00	43800	50	49	0	601	39	40	0	563	0	0	0	7	1	3	0	3	8	5	0	14	2	1	0	14
12:15:00	44100	43	50	0	594	40	47	0	556	1	0	0	8	1	1	0	3	0	1	0	13	1	1	0	14
12:20:00	44400	58	41	0	611	41	28	0	569	1	0	0	9	2	3	0	2	10	3	0	20	4	7	0	11
12:25:00	44700	46	43	0	614	35	34	0	570	0	0	0	9	2	1	0	3	5	5	0	20	4	3	0	12
12:30:00	45000	41	49	0	606	37	43	0	564	0	0	0	9	0	2	0	1	1	1	0	20	3	3	0	12
12:35:00	45300	70	57	0	619	51	51	0	564	0	0	0	9	2	0	0	3	14	5	0	29	3	1	0	14
12:40:00	45600	74	54	0	639	63	50	0	577	0	0	0	9	2	0	0	5	6	2	0	33	3	2	0	15
12:45:00	45900	65	57	0	647	55	45	0	587	0	0	0	9	5	0	0	10	5	5	0	33	0	7	0	8
12:50:00	46200	69	45	0	671	61	39	0	609	0	0	0	9	3	1	0	12	4	0	0	37	1	5	0	4
12:55:00	46500	59	65	0	665	47	57	0	599	0	0	0	9	1	6	0	7	3	1	0	39	8	1	0	11
13:00:00	46800	65	67	0	663	37	53	0	583	0	1	0	8	4	2	0	9	13	11	0	41	11	0	0	22
13:05:00	47100	73	73	0	663	53	60	0	576	1	0	0	9	3	3	0	9	12	7	0	46	4	3	0	23
13:10:00	47400	61	47	0	677	50	41	0	585	0	0	0	9	3	1	0	11	4	3	0	47	4	2	0	25
13:15:00	47700	80	46	0	711	68	35	0	618	1	0	0	10	1	4	0	8	7	7	0	47	3	0	0	28
13:20:00	48000	53	68	0	696	35	61	0	592	0	0	0	10	3	2	0	9	8	5	0	50	7	0	0	35
13:25:00	48300	76	75	0	697	56	64	0	584	1	0	0	11	6	2	0	13	6	9	0	47	7	0	0	42
13:30:00	48600	64	49	0	712	43	39	0	588	0	0	0	11	3	6	0	10	11	4	0	54	7	0	0	49
13:35:00	48900	71	55	0	728	57	45	0	600	0	0	0	11	2	3	0	9	6	7	0	53	6	0	0	55
13:40:00	49200	80	52	0	756	58	39	0	619	0	0	0	11	1	1	0	9	10	11	0	52	11	1	0	65
13:45:00	49500	57	70	0	743	31	65	0	585	0	0	0	11	3	1	0	11	14	4	0	62	9	0	0	74
13:50:00	49800	86	70	0	759	66	56	0	595	0	0	0	11	1	5	0	7	5	9	0	58	14	0	0	88
13:55:00	50100	82	62	0	779	57	54	0	598	0	0	0	11	2	1	0	8	10	7	0	61	13	0	0	101
14:00:00	50400	48	64	0	763	29	50	0	577	0	0	0	11	2	2	0	8	8	7	0	62	9	5	0	105
14:05:00	50700	91	89	0	765	67	59	0	585	1	1	0	11	4	2	0	10	13	6	0	69	6	21	0	90
14:10:00	51000	72	81	0	756	51	53	0	583	0	0	0	11	4	3	0	11	6	11	0	64	11	14	0	87
14:15:00	51300	91	73	0	774	65	49	0	599	1	0	0	12	3	4	0	10	17	8	0	73	5	12	0	80
14:20:00	51600	87	81	0	780	63	55	0	607	0	0	0	12	2	3	0	9	11	5	0	79	11	18	0	73
14:25:00	51900	85	80	0	785	53	55	0	605	0	1	0	11	8	2	0	15	15	11	0	83	9	11	0	71
14:30:00	52200	86	64	0	807	65	40	0	630	0	0	0	11	5	1	0	19	11	7	0	87	5	16	0	60
14:35:00	52500	85	68	0	824	51	52	0	629	0	0	0	11	4	2	0	21	26	8	0	105	4	6	0	58
14:40:00	52800	98	91	0	831	67	65	0	631	0	0	0	11	5	6	0	20	18	8	0	115	8	12	0	54
14:45:00	53100	94	98	0	827	62	62	0	631	0	0	0	11	6	6	0	20	17	11	0	121	9	19	0	44
14:50:00	53400	99	66	0	860	70	48	0	653	0	0	0	11	4	0	0	24	18	11	0	128	7	7	0	44
14:55:00	53700	90	94	0	856	55	59	0	649	0	0	0	11	5	4	0	25	24	22	0	130	6	9	0	41
15:00:00	54000	102	74	0	884	66	55	0	660	0	0	0	11	2	4	0	23	22	12	0	140	12	3	0	50
15:05:00	54300	104	69	0	919	73	50	0	683	1	0	0	12	2	5	0	20	21	12	0	149	7	2	0	55
15:10:00	54600	81	91	0	909	47	62	0	668	1	0	0	13	5	7	0	18	13	16	0	146	15	6	0	64
15:15:00	54900	100	84	0	925	61	64	0	665	0	0	0	13	9	4	0	23	21	12	0	155	9	4	0	69
15:20:00	55200	89	81	0	933	53	57	0	661	0	0	0	13	2	2	0	23	23	22	0	156	11	0	0	80
15:25:00	55500	71	96	0	908	38	71	0	628	0	0	0	13	7	8	0	22	12	16	0	152	14	1	0	93
15:30:00	55800	74	72	0	910	27	51	0	604	0	0	0	13	3	3	0	22	30	17	0	165	14	1	0	106
15:35:00	56100	79	86	0	903	48	61	0	591	0	0	0	13	3	4	0	21	20	20	0	165	8	1	0	113
15:40:00	56400	103	85	0	921	56	52	0	595	0	0	0	13	7	4	0	24	23	28	0	160	17	1	0	129
15:45:00	56700	114	86	0	949	46	59	0	582	0	0	0	13	7	7	0	24	36	20	0	176	25	0	0	154
15:50:00	57000	91	77	0	963	41	52	0	571	0	0	0	13	8	6	0	26	22	18	0	180	20	1	0	173
15:55:00	57300	109	74	0	998	51	51	0	571	0	0	0	13	14	6	0	34	27	17	0	190	17	0	0	190
16:00:00	57600	101	82	0	1017	35	53	0	553	1	0	0	14	11	7	0	38	27	15	0	202	27	7	0	210
16:05:00	57900	101	114	0	1004	46	60	0	539	0	0	0	14	13	10	0	41	23	19	0	206	19	25	0	204
16:10:00	58200	107	90	0	1021	55	43	0	551	0	0	0	14	10	5	0	46	27	21	0	212	15	21	0	198
16:15:00	58500	98	104	0	1015	50	59	0	542	0	1	0	13	10	4	0	52	26	24	0	214	12	16	0	194
16:20:00	58800	128	94	0	1049	60	49	0	553	1	0	0	14	18	11	0	59	29	10	0	233	20	24	0	190
16:25:00	59100	102	108	0	1043	47	61	0	539	0	0	0	14	13	5	0	67	32	28	0	237	10	14	0	186
16:30:00	59400	98	110	0	1031	47	56	0	530	0	0	0	14	13	10	0	70	28	21	0	244	10	23	0	173
16:35:00	59700	118	106	0	1043	59	51	0	538	0	0	0	14	11	10	0	71	33	25	0	252	15	20	0	168
16:40:00	60000	118	125	0	1036	76	47	0	567	0	0	0	14	11	14	0	68	26	41	0	237	5	23	0	150
16:45:00	60300	141	105	0	1072	78	58	0	587	0	0	0	14	12	7	0	73	41	21	0	257	10	19	0	141
16:50:00	60600	159	119	0	1112	97	50	0	634	0	0	0	14	20	15	0	78	34	33	0	258	8	21	0	128
16:55:00	60900	147	107	0	1152	101	60	0	675	0	0	0	14	13	13	0	78	23	23	0	258	10	11	0	127
17:00:00	61200	162	135	0	1179	110	70	0	715	0	0	0	14	14	14	0	78	32	38	0	252	6	13	0	120
17:05:00	61500	142	129	0	1192	102	67	0	750	0	0	0	14	9	24	0	63	21	30	0	243	10	8	0	122
17:10:00	61800	216	138	0	1270	164	83	0	831	0	0	0	14	16	14	0	65	18	30	0	231	18	11	0	129
17:15:00	62100	147	155	0	1262	98	88	0	841	0	0	0	14	11	14	0	62	25	49	0	207	13	4	0	138
17:20:00	62400	239	110	0	1391	190	66	0	965	0	0	0	14	20	12	0	70	19	27	0	199	10	5	0	143
17:25:00	62700	237	110	0	1518	178	77	0	1066	0	0	0	14	17	9	0	78	21	20	0	200	21	4	0	160
17:30:00	63000	185	138	0	1565	142	97	0	1111	1	0	0	15	13	8	0	83	21	30	0	191	8	3	0	165
17:35:00	63300	258	146	0	1677	189	95	0	1205	1	0	0	16	17	18	0	82	33	31	0	193	18	2	0	181
17:40:00	63600	278	132	0	1823	216	96	0	1325	0	0	0	16	20	15	0	87	26	18	0	201	16	3	0	194
17:45:00	63900	264	163	0	1924	203	117	0	1411	1	0	0	17	14	15	0	86	30	28	0	203	16	3	0	207
17:50:00	64200	316	146	0	2094	244	102	0	1553	0	0	0	17	22	22	0	86	30	22	0	211	20	0	0	227
17:55:00	64500	309	171	0	2232	246	127	0	1672	0	0	0	17	20	7	0	99	26	36	0	201	17	1	0	243
18:00:00	64800	284	190	0	2326	214	150	0	1736	0	0	0	17	18	14	0	103	30	18	0	213	22	8	0	257
18:05:00	65100	350	215	0	2461	279	150	0	1865	0	0	0	17	13	14	0	102	32	25	0	220	26	26	0	257
18:10:00	65400	280	246	0	2495	214	167	0	1912	0	0	0	17	17	13	0	106	31	33	0	218	18	33	0	242
18:15:00	65700	331	237	0	2589	267	184	0	1995	0	0	0	17	19	14	0	111	28	27	0	219	17	12	0	247
18:20:00	66000	345	255	0	2679	300	187	0	2108	0	0	0	17	5	18	0	98	27	29	0	217	13	21	0	239
18:25:00	66300	318	205	0	2792	246	158	0	2196	2	0	0	19	14	14	0	98	29	20	0	226	27	13	0	253
18:30:00	66600	326	252	0	2866	247	192	0	2251	0	1	0	18	15	12	0	101	46	33	0	239	18	14	0	257
18:35:00	66900	325	272	0	2919	244	208	0	2287	0	0	0	18	20	9	0	112	41	37	0	243	20	18	0	259
18:40:00	67200	321	307	0	2933	231	236	0	2282	0	0	0	18	25	19	0	118	51	27	0	267	14	25	0	248
18:45:00	67500	358	287	0	3004	288	211	0	2359	0	2	0	16	15	23	0	110	41	26	0	282	14	25	0	237
18:50:00	67800	356	280	0	3080	277	207	0	2429	0	0	0	16	18	22	0	106	58	31	0	309	3	20	0	220
18:55:00	68100	291	315	0	3056	224	223	0	2430	0	0	0	16	14	17	0	103	48	49	0	308	5	26	0	199
19:00:00	68400	281	305	0	3032	224	247	0	2407	0	0	0	16	10	17	0	96	39	28	0	319	8	13	0	194
19:05:00	68700	281	304	0	3009	213	240	0	2380	0	0	0	16	15	14	0	97	50	40	0	329	3	10	0	187
19:10:00	69000	330	354	0	2985	257	274	0	2363	0	0	0	16	14	18	0	93	44	52	0	321	15	10	0	192
19:15:00	69300	388	319	0	3054	310	262	0	2411	0	0	0	16	18	18	0	93	50	32	0	339	10	7	0	195
19:20:00	69600	272	287	0	3039	196	229	0	2378	0	0	0	16	16	9	0	100	48	44	0	343	12	5	0	202
19:25:00	69900	258	316	0	2981	164	249	0	2293	0	0	0	16	21	13	0	108	55	48	0	350	18	6	0	214
19:30:00	70200	257	294	0	2944	177	227	0	2243	0	0	0	16	15	17	0	106	51	46	0	355	14	4	0	224
19:35:00	70500	267	358	0	2853	179	286	0	2136	0	0	0	16	13	22	0	97	51	48	0	358	24	2	0	246
19:40:00	70800	328	334	0	2847	255	265	0	2126	0	0	0	16	16	16	0	97	35	51	0	342	22	2	0	266
19:45:00	71100	277	304	0	2820	197	234	0	2089	0	0	0	16	20	22	0	95	47	43	0	346	13	5	0	274
19:50:00	71400	212	310	0	2722	132	253	0	1968	0	0	0	16	11	18	0	88	54	37	0	363	15	2	0	287
19:55:00	71700	214	297	0	2639	135	242	0	1861	0	0	0	16	20	13	0	95	48	41	0	370	11	1	0	297
20:00:00	72000	227	285	0	2581	137	231	0	1767	0	0	0	16	17	15	0	97	56	34	0	392	17	5	0	309
20:05:00	72300	256	275	0	2562	177	193	0	1751	0	0	0	16	21	12	0	106	47	56	0	383	11	14	0	306
20:10:00	72600	259	280	0	2541	189	198	0	1742	0	0	0	16	7	17	0	96	49	42	0	390	14	23	0	297
20:15:00	72900	185	276	0	2450	113	192	0	1663	1	0	0	17	13	22	0	87	48	46	0	392	10	16	0	291
20:20:00	73200	187	251	0	2386	111	167	0	1607	0	0	0	17	17	15	0	89	51	47	0	396	8	22	0	277
20:25:00	73500	159	287	0	2258	91	199	0	1499	0	0	0	17	18	10	0	97	42	63	0	375	8	15	0	270
20:30:00	73800	182	237	0	2203	114	158	0	1455	0	0	0	17	20	16	0	101	37	52	0	360	11	11	0	270
20:35:00	74100	204	252	0	2155	136	178	0	1413	0	0	0	17	16	12	0	105	47	45	0	362	5	17	0	258
20:40:00	74400	180	223	0	2112	111	161	0	1363	1	0	0	18	14	11	0	108	48	31	0	379	6	20	0	244
20:45:00	74700	129	231	0	2010	68	145	0	1286	0	0	0	18	11	18	0	101	41	47	0	373	9	21	0	232
20:50:00	75000	112	228	0	1894	60	135	0	1211	0	0	0	18	12	15	0	98	36	52	0	357	4	26	0	210
20:55:00	75300	140	229	0	1805	69	152	0	1128	0	0	0	18	22	14	0	106	45	50	0	352	4	13	0	201
21:00:00	75600	138	212	0	1731	92	139	0	1081	0	0	0	18	19	16	0	109	24	47	0	329	3	10	0	194
21:05:00	75900	163	228	0	1666	107	138	0	1050	0	0	0	18	12	15	0	106	41	57	0	313	3	18	0	179
21:10:00	76200	121	182	0	1605	54	112	0	992	0	0	0	18	14	14	0	106	43	46	0	310	10	10	0	179
21:15:00	76500	126	154	0	1577	60	100	0	952	0	0	0	18	21	15	0	112	36	34	0	312	9	5	0	183
21:20:00	76800	96	153	0	1520	43	90	0	905	0	0	0	18	11	15	0	108	34	48	0	298	8	0	0	191
21:25:00	77100	119	164	0	1475	57	102	0	860	0	0	0	18	8	20	0	96	42	38	0	302	12	4	0	199
21:30:00	77400	137	155	0	1457	85	91	0	854	0	0	0	18	8	8	0	96	35	53	0	284	9	3	0	205
21:35:00	77700	105	141	0	1421	50	84	0	820	0	0	0	18	12	9	0	99	32	39	0	277	11	9	0	207
21:40:00	78000	83	149	0	1355	33	81	0	772	0	1	0	17	9	12	0	96	36	46	0	267	5	9	0	203
21:45:00	78300	105	125	0	1335	51	77	0	746	0	0	0	17	8	10	0	94	36	33	0	270	10	5	0	208
21:50:00	78600	95	135	0	1295	39	83	0	702	0	0	0	17	13	10	0	97	33	40	0	263	10	2	0	216
21:55:00	78900	104	144	0	1255	46	74	0	674	0	0	0	17	17	20	0	94	31	49	0	245	10	1	0	225
22:00:00	79200	95	137	0	1213	44	88	0	630	0	0	0	17	14	18	0	90	27	28	0	244	10	3	0	232
22:05:00	79500	74	110	0	1177	22	70	0	582	0	0	0	17	14	12	0	92	29	22	0	251	9	6	0	235
22:10:00	79800	68	131	0	1114	21	54	0	549	0	0	0	17	10	20	0	82	33	35	0	249	4	22	0	217
22:15:00	80100	68	128	0	1054	25	62	0	512	0	0	0	17	10	19	0	73	19	31	0	237	14	16	0	215
22:20:00	80400	63	118	0	999	16	56	0	472	0	0	0	17	8	15	0	66	27	32	0	232	12	15	0	212
22:25:00	80700	85	115	0	969	35	52	0	455	0	0	0	17	11	18	0	59	30	34	0	228	9	11	0	210
22:30:00	81000	73	119	0	923	19	57	0	417	0	0	0	17	14	18	0	55	33	33	0	228	7	11	0	206
22:35:00	81300	57	86	0	894	19	45	0	391	0	0	0	17	10	8	0	57	24	24	0	228	4	9	0	201
22:40:00	81600	74	112	0	856	18	48	0	361	0	0	0	17	14	15	0	56	36	39	0	225	6	10	0	197
22:45:00	81900	60	94	0	822	16	35	0	342	0	0	0	17	13	11	0	58	28	38	0	215	3	10	0	190
22:50:00	82200	67	82	0	807	19	38	0	323	0	0	0	17	7	8	0	57	38	24	0	229	3	12	0	181
22:55:00	82500	53	93	0	767	21	39	0	305	0	0	0	17	8	6	0	59	23	43	0	209	1	5	0	177
23:00:00	82800	54	89	0	732	7	37	0	275	0	0	0	17	15	18	0	56	29	23	0	215	3	11	0	169
23:05:00	83100	44	91	0	685	5	35	0	245	0	0	0	17	7	12	0	51	29	32	0	212	3	12	0	160
23:10:00	83400	50	94	0	641	9	32	0	222	0	0	0	17	9	12	0	48	29	39	0	202	3	11	0	152
23:15:00	83700	51	77	0	615	11	30	0	203	0	0	0	17	10	9	0	49	26	31	0	197	4	7	0	149
23:20:00	84000	55	69	0	601	12	26	0	189	0	0	0	17	13	9	0	53	25	28	0	194	5	6	0	148
23:25:00	84300	39	61	0	579	7	25	0	171	0	0	0	17	9	7	0	55	19	28	0	185	4	1	0	151
23:30:00	84600	45	68	0	556	8	19	0	160	0	0	0	17	10	11	0	54	23	30	0	178	4	8	0	147
23:35:00	84900	40	62	0	534	6	14	0	152	0	0	0	17	8	9	0	53	23	32	0	169	3	7	0	143
23:40:00	85200	58	58	0	534	15	19	0	148	0	0	0	17	11	11	0	53	27	24	0	172	5	4	0	144
23:45:00	85500	40	59	0	515	6	19	0	135	0	0	0	17	13	12	0	54	19	24	0	167	2	4	0	142
23:50:00	85800	25	44	0	496	4	12	0	127	0	0	0	17	7	5	0	56	13	25	0	155	1	2	0	141
23:55:00	86100	29	48	0	477	6	11	0	122	0	0	0	17	4	11	0	49	17	21	0	151	2	5	0	138
24:00:00	86400	675	61	0	1091	33	16	0	139	0	0	0	17	104	10	0	143	536	34	0	653	2	1	0	139
24:05:00	86700	30	78	0	1043	1	23	0	117	0	0	0	17	22	10	0	155	7	37	0	623	0	8	0	131
24:10:00	87000	23	83	0	983	0	16	0	101	0	0	0	17	16	18	0	153	7	39	0	591	0	10	0	121
24:15:00	87300	20	91	0	912	0	13	0	88	0	0	0	17	20	21	0	152	0	54	0	537	0	3	0	118
24:20:00	87600	22	84	0	850	0	9	0	79	0	0	0	17	15	22	0	145	7	45	0	499	0	8	0	110
24:25:00	87900	8	126	0	732	1	14	0	66	0	0	0	17	5	31	0	119	2	69	0	432	0	12	0	98
24:30:00	88200	19	84	0	667	0	9	0	57	0	0	0	17	18	33	0	104	1	41	0	392	0	1	0	97
24:35:00	88500	7	119	0	555	0	4	0	53	0	0	0	17	4	31	0	77	3	80	0	315	0	4	0	93
24:40:00	88800	7	79	0	483	0	11	0	42	0	0	0	17	6	14	0	69	1	51	0	265	0	3	0	90
24:45:00	89100	1	64	0	420	0	8	0	34	0	0	0	17	1	8	0	62	0	46	0	219	0	2	0	88
24:50:00	89400	10	67	0	363	0	4	0	30	0	0	0	17	8	25	0	45	2	38	0	183	0	0	0	88
24:55:00	89700	6	51	0	318	0	1	0	29	0	0	0	17	3	11	0	37	3	38	0	148	0	1	0	87
25:00:00	90000	5	62	0	261	0	4	0	25	0	0	0	17	4	15	0	26	1	42	0	107	0	1	0	86
25:05:00	90300	11	52	0	220	0	2	0	23	0	0	0	17	6	4	0	28	5	42	0	70	0	4	0	82
25:10:00	90600	7	47	0	180	0	0	0	23	0	0	0	17	1	8	0	21	6	37	0	39	0	2	0	80
25:15:00	90900	4	44	0	140	0	1	0	22	0	0	0	17	2	3	0	20	2	39	0	2	0	1	0	79
25:20:00	91200	8	31	0	117	0	0	0	22	0	0	0	17	1	5	0	16	7	24	0	-15	0	2	0	77
25:25:00	91500	1	22	0	96	0	1	0	21	0	0	0	17	1	8	0	9	0	13	0	-28	0	0	0	77
25:30:00	91800	3	15	0	84	0	1	0	20	0	0	0	17	2	1	0	10	1	13	0	-40	0	0	0	77
25:35:00	92100	2	9	0	77	0	0	0	20	0	0	0	17	2	2	0	10	0	7	0	-47	0	0	0	77
25:40:00	92400	3	14	0	66	0	0	0	20	0	0	0	17	1	3	0	8	2	9	0	-54	0	2	0	75
25:45:00	92700	1	4	0	63	0	0	0	20	0	0	0	17	1	0	0	9	0	3	0	-57	0	1	0	74
25:50:00	93000	2	9	0	56	0	2	0	18	0	0	0	17	2	1	0	10	0	6	0	-63	0	0	0	74
25:55:00	93300	0	7	0	49	0	1	0	17	0	0	0	17	0	1	0	9	0	5	0	-68	0	0	0	74
26:00:00	93600	0	3	0	46	0	1	0	16	0	0	0	17	0	0	0	9	0	2	0	-70	0	0	0	74
26:05:00	93900	1	6	0	41	0	2	0	14	0	0	0	17	0	2	0	7	1	2	0	-71	0	0	0	74
26:10:00	94200	2	14	0	29	0	2	0	12	0	0	0	17	2	4	0	5	0	8	0	-79	0	0	0	74
26:15:00	94500	1	4	0	26	0	1	0	11	0	0	0	17	1	1	0	5	0	2	0	-81	0	0	0	74
26:20:00	94800	0	3	0	23	0	1	0	10	0	0	0	17	0	2	0	3	0	0	0	-81	0	0	0	74
26:25:00	95100	1	2	0	22	0	0	0	10	0	0	0	17	1	0	0	4	0	2	0	-83	0	0	0	74
26:30:00	95400	0	3	0	19	0	0	0	10	0	0	0	17	0	0	0	4	0	3	0	-86	0	0	0	74
26:35:00	95700	0	3	0	16	0	1	0	9	0	0	0	17	0	0	0	4	0	2	0	-88	0	0	0	74
26:40:00	96000	0	2	0	14	0	0	0	9	0	0	0	17	0	1	0	3	0	1	0	-89	0	0	0	74
26:45:00	96300	0	4	0	10	0	1	0	8	0	0	0	17	0	1	0	2	0	2	0	-91	0	0	0	74
26:50:00	96600	0	1	0	9	0	1	0	7	0	0	0	17	0	0	0	2	0	0	0	-91	0	0	0	74
26:55:00	96900	0	1	0	8	0	0	0	7	0	0	0	17	0	1	0	1	0	0	0	-91	0	0	0	74
27:00:00	97200	0	0	0	8	0	0	0	7	0	0	0	17	0	0	0	1	0	0	0	-91	0	0	0	74
27:05:00	97500	0	0	0	8	0	0	0	7	0	0	0	17	0	0	0	1	0	0	0	-91	0	0	0	74
27:10:00	97800	0	1	0	7	0	0	0	7	0	0	0	17	0	1	0	0	0	0	0	-91	0	0	0	74
27:15:00	98100	0	0	0	7	0	0	0	7	0	0	0	17	0	0	0	0	0	0	0	-91	0	0	0	74
27:20:00	98400	0	1	0	6	0	1	0	6	0	0	0	17	0	0	0	0	0	0	0	-91	0	0	0	74
27:25:00	98700	1	0	0	7	0	0	0	6	0	0	0	17	1	0	0	1	0	0	0	-91	0	0	0	74
27:30:00	99000	0	0	0	7	0	0	0	6	0	0	0	17	0	0	0	1	0	0	0	-91	0	0	0	74
27:35:00	99300	1	0	0	8	0	0	0	6	0	0	0	17	1	0	0	2	0	0	0	-91	0	0	0	74
27:40:00	99600	0	1	0	7	0	1	0	5	0	0	0	17	0	0	0	2	0	0	0	-91	0	0	0	74
27:45:00	99900	2	0	0	9	1	0	0	6	0	0	0	17	1	0	0	3	0	0	0	-91	0	0	0	74
27:50:00	100200	0	0	0	9	0	0	0	6	0	0	0	17	0	0	0	3	0	0	0	-91	0	0	0	74
27:55:00	100500	1	1	0	9	1	0	0	7	0	0	0	17	0	1	0	2	0	0	0	-91	0	0	0	74
28:00:00	100800	0	0	0	9	0	0	0	7	0	0	0	17	0	0	0	2	0	0	0	-91	0	0	0	74
28:05:00	101100	1	1	0	9	0	1	0	6	0	0	0	17	1	0	0	3	0	0	0	-91	0	0	0	74
28:10:00	101400	1	0	0	10	0	0	0	6	0	0	0	17	1	0	0	4	0	0	0	-91	0	0	0	74
28:15:00	101700	0	0	0	10	0	0	0	6	0	0	0	17	0	0	0	4	0	0	0	-91	0	0	0	74
28:20:00	102000	0	0	0	10	0	0	0	6	0	0	0	17	0	0	0	4	0	0	0	-91	0	0	0	74
28:25:00	102300	0	0	0	10	0	0	0	6	0	0	0	17	0	0	0	4	0	0	0	-91	0	0	0	74
28:30:00	102600	0	3	0	7	0	0	0	6	0	0	0	17	0	3	0	1	0	0	0	-91	0	0	0	74
28:35:00	102900	0	1	0	6	0	0	0	6	0	0	0	17	0	1	0	0	0	0	0	-91	0	0	0	74
28:40:00	103200	0	0	0	6	0	0	0	6	0	0	0	17	0	0	0	0	0	0	0	-91	0	0	0	74
28:45:00	103500	0	0	0	6	0	0	0	6	0	0	0	17	0	0	0	0	0	0	0	-91	0	0	0	74
28:50:00	103800	0	0	0	6	0	0	0	6	0	0	0	17	0	0	0	0	0	0	0	-91	0	0	0	74
28:55:00	104100	0	0	0	6	0	0	0	6	0	0	0	17	0	0	0	0	0	0	0	-91	0	0	0	74
29:00:00	104400	0	0	0	6	0	0	0	6	0	0	0	17	0	0	0	0	0	0	0	-91	0	0	0	74
29:05:00	104700	0	0	0	6	0	0	0	6	0	0	0	17	0	0	0	0	0	0	0	-91	0	0	0	74
29:10:00	105000	0	0	0	6	0	0	0	6	0	0	0	17	0	0	0	0	0	0	0	-91	0	0	0	74
29:15:00	105300	0	0	0	6	0	0	0	6	0	0	0	17	0	0	0	0	0	0	0	-91	0	0	0	74
29:20:00	105600	0	0	0	6	0	0	0	6	0	0	0	17	0	0	0	0	0	0	0	-91	0	0	0	74
29:25:00	105900	0	0	0	6	0	0	0	6	0	0	0	17	0	0	0	0	0	0	0	-91	0	0	0	74
29:30:00	106200	0	0	0	6	0	0	0	6	0	0	0	17	0	0	0	0	0	0	0	-91	0	0	0	74
29:35:00	106500	1	0	0	7	1	0	0	7	0	0	0	17	0	0	0	0	0	0	0	-91	0	0	0	74
29:40:00	106800	1	0	0	8	1	0	0	8	0	0	0	17	0	0	0	0	0	0	0	-91	0	0	0	74
29:45:00	107100	2	1	0	9	2	1	0	9	0	0	0	17	0	0	0	0	0	0	0	-91	0	0	0	74
29:50:00	107400	1	0	0	10	1	0	0	10	0	0	0	17	0	0	0	0	0	0	0	-91	0	0	0	74
29:55:00	107700	2	0	0	12	2	0	0	12	0	0	0	17	0	0	0	0	0	0	0	-91	0	0	0	74
30:00:00	108000	0	0	0	12	0	0	0	12	0	0	0	17	0	0	0	0	0	0	0	-91	0	0	0	74
30:05:00	108300	0	0	0	12	0	0	0	12	0	0	0	17	0	0	0	0	0	0	0	-91	0	0	0	74
