time	time	departures_all	arrivals_all	stuck_all	en-route_all	departures_car	arrivals_car	stuck_car	en-route_car	departures_drive_transit	arrivals_drive_transit	stuck_drive_transit	en-route_drive_transit	departures_ride_hail	arrivals_ride_hail	stuck_ride_hail	en-route_ride_hail	departures_walk	arrivals_walk	stuck_walk	en-route_walk	departures_walk_transit	arrivals_walk_transit	stuck_walk_transit	en-route_walk_transit
00:00:00	0	0	0	0	0	0	0	0	0	0	0	0	0	0	0	0	0	0	0	0	0	0	0	0	0
00:05:00	300	0	0	0	0	0	0	0	0	0	0	0	0	0	0	0	0	0	0	0	0	0	0	0	0
00:10:00	600	0	0	0	0	0	0	0	0	0	0	0	0	0	0	0	0	0	0	0	0	0	0	0	0
00:15:00	900	0	0	0	0	0	0	0	0	0	0	0	0	0	0	0	0	0	0	0	0	0	0	0	0
00:20:00	1200	0	0	0	0	0	0	0	0	0	0	0	0	0	0	0	0	0	0	0	0	0	0	0	0
00:25:00	1500	0	0	0	0	0	0	0	0	0	0	0	0	0	0	0	0	0	0	0	0	0	0	0	0
00:30:00	1800	0	0	0	0	0	0	0	0	0	0	0	0	0	0	0	0	0	0	0	0	0	0	0	0
00:35:00	2100	0	0	0	0	0	0	0	0	0	0	0	0	0	0	0	0	0	0	0	0	0	0	0	0
00:40:00	2400	0	0	0	0	0	0	0	0	0	0	0	0	0	0	0	0	0	0	0	0	0	0	0	0
00:45:00	2700	0	0	0	0	0	0	0	0	0	0	0	0	0	0	0	0	0	0	0	0	0	0	0	0
00:50:00	3000	0	0	0	0	0	0	0	0	0	0	0	0	0	0	0	0	0	0	0	0	0	0	0	0
00:55:00	3300	0	0	0	0	0	0	0	0	0	0	0	0	0	0	0	0	0	0	0	0	0	0	0	0
01:00:00	3600	0	0	0	0	0	0	0	0	0	0	0	0	0	0	0	0	0	0	0	0	0	0	0	0
01:05:00	3900	0	0	0	0	0	0	0	0	0	0	0	0	0	0	0	0	0	0	0	0	0	0	0	0
01:10:00	4200	0	0	0	0	0	0	0	0	0	0	0	0	0	0	0	0	0	0	0	0	0	0	0	0
01:15:00	4500	0	0	0	0	0	0	0	0	0	0	0	0	0	0	0	0	0	0	0	0	0	0	0	0
01:20:00	4800	0	0	0	0	0	0	0	0	0	0	0	0	0	0	0	0	0	0	0	0	0	0	0	0
01:25:00	5100	0	0	0	0	0	0	0	0	0	0	0	0	0	0	0	0	0	0	0	0	0	0	0	0
01:30:00	5400	0	0	0	0	0	0	0	0	0	0	0	0	0	0	0	0	0	0	0	0	0	0	0	0
01:35:00	5700	0	0	0	0	0	0	0	0	0	0	0	0	0	0	0	0	0	0	0	0	0	0	0	0
01:40:00	6000	0	0	0	0	0	0	0	0	0	0	0	0	0	0	0	0	0	0	0	0	0	0	0	0
01:45:00	6300	0	0	0	0	0	0	0	0	0	0	0	0	0	0	0	0	0	0	0	0	0	0	0	0
01:50:00	6600	0	0	0	0	0	0	0	0	0	0	0	0	0	0	0	0	0	0	0	0	0	0	0	0
01:55:00	6900	0	0	0	0	0	0	0	0	0	0	0	0	0	0	0	0	0	0	0	0	0	0	0	0
02:00:00	7200	0	0	0	0	0	0	0	0	0	0	0	0	0	0	0	0	0	0	0	0	0	0	0	0
02:05:00	7500	0	0	0	0	0	0	0	0	0	0	0	0	0	0	0	0	0	0	0	0	0	0	0	0
02:10:00	7800	0	0	0	0	0	0	0	0	0	0	0	0	0	0	0	0	0	0	0	0	0	0	0	0
02:15:00	8100	0	0	0	0	0	0	0	0	0	0	0	0	0	0	0	0	0	0	0	0	0	0	0	0
02:20:00	8400	0	0	0	0	0	0	0	0	0	0	0	0	0	0	0	0	0	0	0	0	0	0	0	0
02:25:00	8700	0	0	0	0	0	0	0	0	0	0	0	0	0	0	0	0	0	0	0	0	0	0	0	0
02:30:00	9000	0	0	0	0	0	0	0	0	0	0	0	0	0	0	0	0	0	0	0	0	0	0	0	0
02:35:00	9300	0	0	0	0	0	0	0	0	0	0	0	0	0	0	0	0	0	0	0	0	0	0	0	0
02:40:00	9600	0	0	0	0	0	0	0	0	0	0	0	0	0	0	0	0	0	0	0	0	0	0	0	0
02:45:00	9900	0	0	0	0	0	0	0	0	0	0	0	0	0	0	0	0	0	0	0	0	0	0	0	0
02:50:00	10200	0	0	0	0	0	0	0	0	0	0	0	0	0	0	0	0	0	0	0	0	0	0	0	0
02:55:00	10500	0	0	0	0	0	0	0	0	0	0	0	0	0	0	0	0	0	0	0	0	0	0	0	0
03:00:00	10800	0	0	0	0	0	0	0	0	0	0	0	0	0	0	0	0	0	0	0	0	0	0	0	0
03:05:00	11100	0	0	0	0	0	0	0	0	0	0	0	0	0	0	0	0	0	0	0	0	0	0	0	0
03:10:00	11400	0	0	0	0	0	0	0	0	0	0	0	0	0	0	0	0	0	0	0	0	0	0	0	0
03:15:00	11700	0	0	0	0	0	0	0	0	0	0	0	0	0	0	0	0	0	0	0	0	0	0	0	0
03:20:00	12000	0	0	0	0	0	0	0	0	0	0	0	0	0	0	0	0	0	0	0	0	0	0	0	0
03:25:00	12300	0	0	0	0	0	0	0	0	0	0	0	0	0	0	0	0	0	0	0	0	0	0	0	0
03:30:00	12600	0	0	0	0	0	0	0	0	0	0	0	0	0	0	0	0	0	0	0	0	0	0	0	0
03:35:00	12900	0	0	0	0	0	0	0	0	0	0	0	0	0	0	0	0	0	0	0	0	0	0	0	0
03:40:00	13200	0	0	0	0	0	0	0	0	0	0	0	0	0	0	0	0	0	0	0	0	0	0	0	0
03:45:00	13500	0	0	0	0	0	0	0	0	0	0	0	0	0	0	0	0	0	0	0	0	0	0	0	0
03:50:00	13800	0	0	0	0	0	0	0	0	0	0	0	0	0	0	0	0	0	0	0	0	0	0	0	0
03:55:00	14100	0	0	0	0	0	0	0	0	0	0	0	0	0	0	0	0	0	0	0	0	0	0	0	0
04:00:00	14400	0	0	0	0	0	0	0	0	0	0	0	0	0	0	0	0	0	0	0	0	0	0	0	0
04:05:00	14700	0	0	0	0	0	0	0	0	0	0	0	0	0	0	0	0	0	0	0	0	0	0	0	0
04:10:00	15000	0	0	0	0	0	0	0	0	0	0	0	0	0	0	0	0	0	0	0	0	0	0	0	0
04:15:00	15300	0	0	0	0	0	0	0	0	0	0	0	0	0	0	0	0	0	0	0	0	0	0	0	0
04:20:00	15600	0	0	0	0	0	0	0	0	0	0	0	0	0	0	0	0	0	0	0	0	0	0	0	0
04:25:00	15900	0	0	0	0	0	0	0	0	0	0	0	0	0	0	0	0	0	0	0	0	0	0	0	0
04:30:00	16200	0	0	0	0	0	0	0	0	0	0	0	0	0	0	0	0	0	0	0	0	0	0	0	0
04:35:00	16500	0	0	0	0	0	0	0	0	0	0	0	0	0	0	0	0	0	0	0	0	0	0	0	0
04:40:00	16800	0	0	0	0	0	0	0	0	0	0	0	0	0	0	0	0	0	0	0	0	0	0	0	0
04:45:00	17100	0	0	0	0	0	0	0	0	0	0	0	0	0	0	0	0	0	0	0	0	0	0	0	0
04:50:00	17400	0	0	0	0	0	0	0	0	0	0	0	0	0	0	0	0	0	0	0	0	0	0	0	0
04:55:00	17700	0	0	0	0	0	0	0	0	0	0	0	0	0	0	0	0	0	0	0	0	0	0	0	0
05:00:00	18000	0	0	0	0	0	0	0	0	0	0	0	0	0	0	0	0	0	0	0	0	0	0	0	0
05:05:00	18300	0	0	0	0	0	0	0	0	0	0	0	0	0	0	0	0	0	0	0	0	0	0	0	0
05:10:00	18600	0	0	0	0	0	0	0	0	0	0	0	0	0	0	0	0	0	0	0	0	0	0	0	0
05:15:00	18900	0	0	0	0	0	0	0	0	0	0	0	0	0	0	0	0	0	0	0	0	0	0	0	0
05:20:00	19200	0	0	0	0	0	0	0	0	0	0	0	0	0	0	0	0	0	0	0	0	0	0	0	0
05:25:00	19500	0	0	0	0	0	0	0	0	0	0	0	0	0	0	0	0	0	0	0	0	0	0	0	0
05:30:00	19800	0	0	0	0	0	0	0	0	0	0	0	0	0	0	0	0	0	0	0	0	0	0	0	0
05:35:00	20100	0	0	0	0	0	0	0	0	0	0	0	0	0	0	0	0	0	0	0	0	0	0	0	0
05:40:00	20400	0	0	0	0	0	0	0	0	0	0	0	0	0	0	0	0	0	0	0	0	0	0	0	0
05:45:00	20700	0	0	0	0	0	0	0	0	0	0	0	0	0	0	0	0	0	0	0	0	0	0	0	0
05:50:00	21000	0	0	0	0	0	0	0	0	0	0	0	0	0	0	0	0	0	0	0	0	0	0	0	0
05:55:00	21300	0	0	0	0	0	0	0	0	0	0	0	0	0	0	0	0	0	0	0	0	0	0	0	0
06:00:00	21600	0	0	0	0	0	0	0	0	0	0	0	0	0	0	0	0	0	0	0	0	0	0	0	0
06:05:00	21900	0	0	0	0	0	0	0	0	0	0	0	0	0	0	0	0	0	0	0	0	0	0	0	0
06:10:00	22200	0	0	0	0	0	0	0	0	0	0	0	0	0	0	0	0	0	0	0	0	0	0	0	0
06:15:00	22500	0	0	0	0	0	0	0	0	0	0	0	0	0	0	0	0	0	0	0	0	0	0	0	0
06:20:00	22800	0	0	0	0	0	0	0	0	0	0	0	0	0	0	0	0	0	0	0	0	0	0	0	0
06:25:00	23100	0	0	0	0	0	0	0	0	0	0	0	0	0	0	0	0	0	0	0	0	0	0	0	0
06:30:00	23400	0	0	0	0	0	0	0	0	0	0	0	0	0	0	0	0	0	0	0	0	0	0	0	0
06:35:00	23700	1	0	0	1	1	0	0	1	0	0	0	0	0	0	0	0	0	0	0	0	0	0	0	0
06:40:00	24000	1	0	0	2	1	0	0	2	0	0	0	0	0	0	0	0	0	0	0	0	0	0	0	0
06:45:00	24300	0	0	0	2	0	0	0	2	0	0	0	0	0	0	0	0	0	0	0	0	0	0	0	0
06:50:00	24600	0	1	0	1	0	1	0	1	0	0	0	0	0	0	0	0	0	0	0	0	0	0	0	0
06:55:00	24900	0	1	0	0	0	1	0	0	0	0	0	0	0	0	0	0	0	0	0	0	0	0	0	0
07:00:00	25200	0	0	0	0	0	0	0	0	0	0	0	0	0	0	0	0	0	0	0	0	0	0	0	0
07:05:00	25500	3	0	0	3	3	0	0	3	0	0	0	0	0	0	0	0	0	0	0	0	0	0	0	0
07:10:00	25800	4	0	0	7	4	0	0	7	0	0	0	0	0	0	0	0	0	0	0	0	0	0	0	0
07:15:00	26100	20	1	0	26	20	1	0	26	0	0	0	0	0	0	0	0	0	0	0	0	0	0	0	0
07:20:00	26400	21	1	0	46	21	1	0	46	0	0	0	0	0	0	0	0	0	0	0	0	0	0	0	0
07:25:00	26700	35	5	0	76	35	5	0	76	0	0	0	0	0	0	0	0	0	0	0	0	0	0	0	0
07:30:00	27000	56	11	0	121	55	11	0	120	0	0	0	0	1	0	0	1	0	0	0	0	0	0	0	0
07:35:00	27300	77	15	0	183	77	15	0	182	0	0	0	0	0	0	0	1	0	0	0	0	0	0	0	0
07:40:00	27600	102	22	0	263	102	21	0	263	0	0	0	0	0	1	0	0	0	0	0	0	0	0	0	0
07:45:00	27900	109	35	0	337	109	35	0	337	0	0	0	0	0	0	0	0	0	0	0	0	0	0	0	0
07:50:00	28200	156	45	0	448	155	45	0	447	0	0	0	0	1	0	0	1	0	0	0	0	0	0	0	0
07:55:00	28500	239	68	0	619	238	68	0	617	0	0	0	0	1	0	0	2	0	0	0	0	0	0	0	0
08:00:00	28800	249	81	0	787	247	80	0	784	0	0	0	0	1	1	0	2	1	0	0	1	0	0	0	0
08:05:00	29100	395	136	0	1046	390	135	0	1039	0	0	0	0	4	1	0	5	1	0	0	2	0	0	0	0
08:10:00	29400	364	116	0	1294	360	116	0	1283	0	0	0	0	2	0	0	7	2	0	0	4	0	0	0	0
08:15:00	29700	442	117	0	1619	430	113	0	1600	0	0	0	0	1	4	0	4	11	0	0	15	0	0	0	0
08:20:00	30000	385	124	0	1880	373	121	0	1852	5	0	0	5	3	3	0	4	2	0	0	17	2	0	0	2
08:25:00	30300	459	139	0	2200	439	138	0	2153	1	0	0	6	4	1	0	7	14	0	0	31	1	0	0	3
08:30:00	30600	409	162	0	2447	395	159	0	2389	1	0	0	7	1	3	0	5	9	0	0	40	3	0	0	6
08:35:00	30900	445	199	0	2693	432	196	0	2625	0	0	0	7	2	1	0	6	9	2	0	47	2	0	0	8
08:40:00	31200	426	236	0	2883	417	232	0	2810	0	0	0	7	2	2	0	6	7	0	0	54	0	2	0	6
08:45:00	31500	424	199	0	3108	417	194	0	3033	0	0	0	7	1	2	0	5	6	2	0	58	0	1	0	5
08:50:00	31800	370	235	0	3243	361	223	0	3171	0	1	0	6	0	3	0	2	9	3	0	64	0	5	0	0
08:55:00	32100	384	237	0	3390	373	232	0	3312	0	0	0	6	1	0	0	3	10	5	0	69	0	0	0	0
09:00:00	32400	315	225	0	3480	311	212	0	3411	0	0	0	6	0	1	0	2	4	12	0	61	0	0	0	0
09:05:00	32700	296	249	0	3527	283	241	0	3453	0	0	0	6	2	2	0	2	11	6	0	66	0	0	0	0
09:10:00	33000	301	254	0	3574	290	245	0	3498	0	0	0	6	2	1	0	3	9	8	0	67	0	0	0	0
09:15:00	33300	248	232	0	3590	241	223	0	3516	1	0	0	7	0	1	0	2	6	8	0	65	0	0	0	0
09:20:00	33600	231	250	0	3571	225	238	0	3503	0	0	0	7	1	1	0	2	5	11	0	59	0	0	0	0
09:25:00	33900	204	293	0	3482	194	281	0	3416	0	0	0	7	2	3	0	1	8	9	0	58	0	0	0	0
09:30:00	34200	169	260	0	3391	163	253	0	3326	0	0	0	7	1	0	0	2	5	7	0	56	0	0	0	0
09:35:00	34500	161	239	0	3313	155	221	0	3260	1	0	0	8	0	2	0	0	5	16	0	45	0	0	0	0
09:40:00	34800	144	223	0	3234	141	215	0	3186	0	0	0	8	0	0	0	0	3	8	0	40	0	0	0	0
09:45:00	35100	117	241	0	3110	107	231	0	3062	1	0	0	9	1	0	0	1	8	10	0	38	0	0	0	0
09:50:00	35400	81	278	0	2913	76	270	0	2868	1	0	0	10	1	0	0	2	2	8	0	32	1	0	0	1
09:55:00	35700	88	246	0	2755	84	235	0	2717	2	0	0	12	0	0	0	2	1	11	0	22	1	0	0	2
10:00:00	36000	92	231	0	2616	81	220	0	2578	0	0	0	12	1	1	0	2	8	10	0	20	2	0	0	4
10:05:00	36300	75	232	0	2459	70	224	0	2424	0	0	0	12	1	0	0	3	4	8	0	16	0	0	0	4
10:10:00	36600	65	239	0	2285	59	225	0	2258	1	0	0	13	0	1	0	2	5	11	0	10	0	2	0	2
10:15:00	36900	33	198	0	2120	31	192	0	2097	0	0	0	13	1	0	0	3	1	6	0	5	0	0	0	2
10:20:00	37200	51	203	0	1968	42	192	0	1947	0	0	0	13	0	0	0	3	8	8	0	5	1	3	0	0
10:25:00	37500	39	191	0	1816	34	184	0	1797	0	0	0	13	0	1	0	2	5	6	0	4	0	0	0	0
10:30:00	37800	47	190	0	1673	41	183	0	1655	0	0	0	13	2	1	0	3	4	5	0	3	0	1	0	-1
10:35:00	38100	31	188	0	1516	25	186	0	1494	0	0	0	13	2	1	0	4	3	1	0	5	1	0	0	0
10:40:00	38400	31	194	0	1353	28	191	0	1331	0	0	0	13	0	1	0	3	2	2	0	5	1	0	0	1
10:45:00	38700	29	145	0	1237	26	140	0	1217	0	0	0	13	0	1	0	2	3	3	0	5	0	1	0	0
10:50:00	39000	39	146	0	1130	35	140	0	1112	0	0	0	13	1	0	0	3	3	3	0	5	0	3	0	-3
10:55:00	39300	31	115	0	1046	28	109	0	1031	0	0	0	13	0	2	0	1	3	4	0	4	0	0	0	-3
11:00:00	39600	40	105	0	981	35	100	0	966	0	0	0	13	1	1	0	1	4	3	0	5	0	1	0	-4
11:05:00	39900	37	141	0	877	34	137	0	863	0	0	0	13	1	2	0	0	1	1	0	5	1	1	0	-4
11:10:00	40200	29	116	0	790	24	114	0	773	0	0	0	13	3	0	0	3	2	2	0	5	0	0	0	-4
11:15:00	40500	52	94	0	748	43	84	0	732	0	0	0	13	3	2	0	4	6	8	0	3	0	0	0	-4
11:20:00	40800	67	92	0	723	62	90	0	704	0	0	0	13	0	0	0	4	5	2	0	6	0	0	0	-4
11:25:00	41100	25	93	0	655	21	91	0	634	0	0	0	13	1	0	0	5	3	2	0	7	0	0	0	-4
11:30:00	41400	37	69	0	623	33	65	0	602	0	0	0	13	2	3	0	4	1	1	0	7	1	0	0	-3
11:35:00	41700	40	65	0	598	35	64	0	573	0	0	0	13	3	1	0	6	2	0	0	9	0	0	0	-3
11:40:00	42000	26	62	0	562	22	60	0	535	0	0	0	13	1	2	0	5	1	0	0	10	2	0	0	-1
11:45:00	42300	63	59	0	566	56	53	0	538	1	0	0	14	2	2	0	5	3	4	0	9	1	0	0	0
11:50:00	42600	56	49	0	573	49	43	0	544	0	0	0	14	1	1	0	5	5	5	0	9	1	0	0	1
11:55:00	42900	54	39	0	588	51	36	0	559	0	0	0	14	0	3	0	2	3	0	0	12	0	0	0	1
12:00:00	43200	30	62	0	556	26	57	0	528	0	0	0	14	1	0	0	3	2	3	0	11	1	2	0	0
12:05:00	43500	46	61	0	541	41	54	0	515	0	0	0	14	2	2	0	3	3	3	0	11	0	2	0	-2
12:10:00	43800	55	42	0	554	51	35	0	531	0	0	0	14	1	1	0	3	3	4	0	10	0	2	0	-4
12:15:00	44100	50	42	0	562	45	39	0	537	0	0	0	14	3	1	0	5	1	2	0	9	1	0	0	-3
12:20:00	44400	56	55	0	563	43	48	0	532	0	0	0	14	3	0	0	8	10	3	0	16	0	4	0	-7
12:25:00	44700	59	50	0	572	49	45	0	536	0	0	0	14	3	1	0	10	5	4	0	17	2	0	0	-5
12:30:00	45000	47	55	0	564	34	49	0	521	0	0	0	14	4	4	0	10	8	2	0	23	1	0	0	-4
12:35:00	45300	68	58	0	574	52	50	0	523	0	0	0	14	3	3	0	10	13	5	0	31	0	0	0	-4
12:40:00	45600	65	56	0	583	58	48	0	533	0	0	0	14	5	6	0	9	2	2	0	31	0	0	0	-4
12:45:00	45900	59	50	0	592	47	42	0	538	0	0	0	14	7	3	0	13	3	5	0	29	2	0	0	-2
12:50:00	46200	81	61	0	612	73	52	0	559	0	0	0	14	5	3	0	15	2	4	0	27	1	2	0	-3
12:55:00	46500	46	61	0	597	34	54	0	539	0	0	0	14	1	2	0	14	10	4	0	33	1	1	0	-3
13:00:00	46800	60	59	0	598	43	45	0	537	0	0	0	14	2	6	0	10	12	7	0	38	3	1	0	-1
13:05:00	47100	65	65	0	598	54	56	0	535	0	0	0	14	0	3	0	7	10	6	0	42	1	0	0	0
13:10:00	47400	73	54	0	617	62	49	0	548	0	0	0	14	1	3	0	5	9	1	0	50	1	1	0	0
13:15:00	47700	79	52	0	644	67	45	0	570	0	0	0	14	1	1	0	5	10	6	0	54	1	0	0	1
13:20:00	48000	52	62	0	634	36	50	0	556	0	0	0	14	2	2	0	5	14	8	0	60	0	2	0	-1
13:25:00	48300	71	55	0	650	63	47	0	572	0	0	0	14	3	1	0	7	5	7	0	58	0	0	0	-1
13:30:00	48600	62	54	0	658	44	45	0	571	0	0	0	14	1	2	0	6	13	7	0	64	4	0	0	3
13:35:00	48900	70	60	0	668	52	53	0	570	0	0	0	14	5	1	0	10	10	6	0	68	3	0	0	6
13:40:00	49200	89	63	0	694	66	44	0	592	0	0	0	14	7	4	0	13	12	14	0	66	4	1	0	9
13:45:00	49500	49	63	0	680	30	48	0	574	0	0	0	14	4	7	0	10	12	8	0	70	3	0	0	12
13:50:00	49800	83	68	0	695	63	63	0	574	0	0	0	14	3	1	0	12	15	4	0	81	2	0	0	14
13:55:00	50100	73	59	0	709	50	49	0	575	0	0	0	14	6	1	0	17	15	9	0	87	2	0	0	16
14:00:00	50400	67	57	0	719	40	45	0	570	0	0	0	14	6	7	0	16	15	4	0	98	6	1	0	21
14:05:00	50700	85	64	0	740	60	46	0	584	0	0	0	14	4	4	0	16	11	11	0	98	10	3	0	28
14:10:00	51000	74	72	0	742	57	49	0	592	0	0	0	14	2	4	0	14	9	13	0	94	6	6	0	28
14:15:00	51300	77	72	0	747	59	58	0	593	0	0	0	14	0	1	0	13	14	10	0	98	4	3	0	29
14:20:00	51600	80	79	0	748	55	53	0	595	0	0	0	14	5	3	0	15	13	18	0	93	7	5	0	31
14:25:00	51900	86	78	0	756	54	55	0	594	0	0	0	14	6	4	0	17	21	12	0	102	5	7	0	29
14:30:00	52200	88	80	0	764	66	55	0	605	0	0	0	14	2	6	0	13	16	12	0	106	4	7	0	26
14:35:00	52500	87	64	0	787	54	47	0	612	0	0	0	14	6	5	0	14	23	8	0	121	4	4	0	26
14:40:00	52800	97	77	0	807	68	50	0	630	0	0	0	14	5	5	0	14	22	14	0	129	2	8	0	20
14:45:00	53100	83	83	0	807	58	59	0	629	0	0	0	14	5	5	0	14	20	16	0	133	0	3	0	17
14:50:00	53400	110	70	0	847	71	47	0	653	0	0	0	14	4	3	0	15	33	16	0	150	2	4	0	15
14:55:00	53700	76	77	0	846	50	54	0	649	0	0	0	14	1	3	0	13	25	14	0	161	0	6	0	9
15:00:00	54000	105	75	0	876	67	57	0	659	0	0	0	14	8	2	0	19	28	12	0	177	2	4	0	7
15:05:00	54300	91	81	0	886	63	57	0	665	0	0	0	14	1	4	0	16	23	19	0	181	4	1	0	10
15:10:00	54600	74	83	0	877	38	63	0	640	0	0	0	14	5	6	0	15	25	12	0	194	6	2	0	14
15:15:00	54900	97	83	0	891	64	58	0	646	0	0	0	14	2	3	0	14	28	18	0	204	3	4	0	13
15:20:00	55200	83	76	0	898	47	49	0	644	0	0	0	14	4	3	0	15	25	23	0	206	7	1	0	19
15:25:00	55500	70	70	0	898	42	47	0	639	0	0	0	14	5	4	0	16	16	17	0	205	7	2	0	24
15:30:00	55800	68	78	0	888	30	47	0	622	0	0	0	14	7	3	0	20	27	28	0	204	4	0	0	28
15:35:00	56100	101	94	0	895	54	63	0	613	0	0	0	14	4	7	0	17	33	24	0	213	10	0	0	38
15:40:00	56400	99	96	0	898	57	64	0	606	0	0	0	14	4	5	0	16	36	27	0	222	2	0	0	40
15:45:00	56700	97	72	0	923	53	46	0	613	0	0	0	14	8	2	0	22	27	24	0	225	9	0	0	49
15:50:00	57000	95	68	0	950	46	39	0	620	0	0	0	14	13	6	0	29	30	23	0	232	6	0	0	55
15:55:00	57300	90	84	0	956	53	57	0	616	1	0	0	15	6	4	0	31	23	23	0	232	7	0	0	62
16:00:00	57600	94	78	0	972	39	46	0	609	0	0	0	15	10	6	0	35	29	24	0	237	16	2	0	76
16:05:00	57900	97	110	0	959	43	52	0	600	0	0	0	15	8	13	0	30	32	34	0	235	14	11	0	79
16:10:00	58200	120	101	0	978	56	55	0	601	0	0	0	15	11	6	0	35	43	30	0	248	10	10	0	79
16:15:00	58500	122	99	0	1001	61	56	0	606	0	0	0	15	10	6	0	39	45	30	0	263	6	7	0	78
16:20:00	58800	103	99	0	1005	53	60	0	599	0	0	0	15	6	6	0	39	37	18	0	282	7	15	0	70
16:25:00	59100	114	92	0	1027	49	56	0	592	0	0	0	15	15	10	0	44	45	21	0	306	5	5	0	70
16:30:00	59400	109	112	0	1024	56	62	0	586	0	0	0	15	8	10	0	42	39	28	0	317	6	12	0	64
16:35:00	59700	125	103	0	1046	73	60	0	599	0	0	0	15	10	11	0	41	35	25	0	327	7	7	0	64
16:40:00	60000	116	122	0	1040	61	58	0	602	0	0	0	15	14	8	0	47	37	47	0	317	4	9	0	59
16:45:00	60300	136	104	0	1072	79	56	0	625	0	0	0	15	9	13	0	43	44	22	0	339	4	13	0	50
16:50:00	60600	152	110	0	1114	99	48	0	676	0	0	0	15	9	16	0	36	37	41	0	335	7	5	0	52
16:55:00	60900	132	122	0	1124	89	64	0	701	0	0	0	15	14	10	0	40	28	37	0	326	1	11	0	42
17:00:00	61200	143	133	0	1134	93	71	0	723	0	0	0	15	11	10	0	41	31	47	0	310	8	5	0	45
17:05:00	61500	140	120	0	1154	98	63	0	758	0	0	0	15	13	11	0	43	26	36	0	300	3	10	0	38
17:10:00	61800	226	138	0	1242	161	86	0	833	0	0	0	15	16	11	0	48	43	37	0	306	6	4	0	40
17:15:00	62100	140	135	0	1247	90	77	0	846	0	0	0	15	12	7	0	53	31	51	0	286	7	0	0	47
17:20:00	62400	219	120	0	1346	180	72	0	954	0	0	0	15	10	14	0	49	28	32	0	282	1	2	0	46
17:25:00	62700	247	133	0	1460	189	82	0	1061	0	0	0	15	16	13	0	52	38	36	0	284	4	2	0	48
17:30:00	63000	207	142	0	1525	165	101	0	1125	0	0	0	15	12	11	0	53	24	28	0	280	6	2	0	52
17:35:00	63300	248	156	0	1617	196	102	0	1219	0	0	0	15	10	12	0	51	34	40	0	274	8	2	0	58
17:40:00	63600	245	140	0	1722	187	106	0	1300	0	0	0	15	21	4	0	68	33	30	0	277	4	0	0	62
17:45:00	63900	265	175	0	1812	203	115	0	1388	0	0	0	15	14	19	0	63	39	40	0	276	9	1	0	70
17:50:00	64200	310	180	0	1942	233	135	0	1486	0	0	0	15	20	11	0	72	43	33	0	286	14	1	0	83
17:55:00	64500	308	179	0	2071	250	120	0	1616	0	0	0	15	14	19	0	67	34	40	0	280	10	0	0	93
18:00:00	64800	273	195	0	2149	219	145	0	1690	0	0	0	15	16	19	0	64	30	28	0	282	8	3	0	98
18:05:00	65100	345	190	0	2304	283	134	0	1839	1	0	0	16	13	10	0	67	33	27	0	288	15	19	0	94
18:10:00	65400	302	241	0	2365	232	173	0	1898	0	0	0	16	12	16	0	63	55	37	0	306	3	15	0	82
18:15:00	65700	297	237	0	2425	239	188	0	1949	0	0	0	16	5	18	0	50	41	28	0	319	12	3	0	91
18:20:00	66000	377	262	0	2540	308	214	0	2043	0	0	0	16	14	6	0	58	49	32	0	336	6	10	0	87
18:25:00	66300	294	232	0	2602	228	169	0	2102	0	0	0	16	11	13	0	56	45	40	0	341	10	10	0	87
18:30:00	66600	329	279	0	2652	244	217	0	2129	0	0	0	16	17	6	0	67	55	46	0	350	13	10	0	90
18:35:00	66900	306	266	0	2692	235	197	0	2167	0	0	0	16	11	12	0	66	50	48	0	352	10	9	0	91
18:40:00	67200	299	286	0	2705	230	220	0	2177	0	0	0	16	14	16	0	64	45	38	0	359	10	12	0	89
18:45:00	67500	334	316	0	2723	275	253	0	2199	0	0	0	16	18	10	0	72	39	40	0	358	2	13	0	78
18:50:00	67800	395	282	0	2836	310	237	0	2272	0	0	0	16	10	12	0	70	64	23	0	399	11	10	0	79
18:55:00	68100	260	319	0	2777	192	237	0	2227	0	0	0	16	10	23	0	57	53	58	0	394	5	1	0	83
19:00:00	68400	285	318	0	2744	230	241	0	2216	0	0	0	16	9	21	0	45	43	47	0	390	3	9	0	77
19:05:00	68700	272	291	0	2725	199	228	0	2187	0	0	0	16	12	8	0	49	55	49	0	396	6	6	0	77
19:10:00	69000	295	332	0	2688	220	267	0	2140	0	0	0	16	11	9	0	51	56	53	0	399	8	3	0	82
19:15:00	69300	374	289	0	2773	302	240	0	2202	0	0	0	16	18	11	0	58	49	34	0	414	5	4	0	83
19:20:00	69600	224	298	0	2699	168	240	0	2130	0	0	0	16	7	13	0	52	42	41	0	415	7	4	0	86
19:25:00	69900	257	271	0	2685	176	212	0	2094	0	0	0	16	15	14	0	53	63	45	0	433	3	0	0	89
19:30:00	70200	277	268	0	2694	190	216	0	2068	0	0	0	16	16	6	0	63	59	45	0	447	12	1	0	100
19:35:00	70500	272	306	0	2660	187	238	0	2017	0	1	0	15	9	13	0	59	65	52	0	460	11	2	0	109
19:40:00	70800	361	294	0	2727	276	220	0	2073	0	0	0	15	16	16	0	59	60	55	0	465	9	3	0	115
19:45:00	71100	283	264	0	2746	211	203	0	2081	0	0	0	15	19	9	0	69	45	49	0	461	8	3	0	120
19:50:00	71400	213	284	0	2675	132	223	0	1990	0	0	0	15	14	17	0	66	60	44	0	477	7	0	0	127
19:55:00	71700	209	279	0	2605	123	216	0	1897	0	0	0	15	17	14	0	69	58	47	0	488	11	2	0	136
20:00:00	72000	224	270	0	2559	152	207	0	1842	0	0	0	15	16	13	0	72	43	48	0	483	13	2	0	147
20:05:00	72300	299	307	0	2551	210	219	0	1833	0	0	0	15	13	14	0	71	61	59	0	485	15	15	0	147
20:10:00	72600	263	311	0	2503	184	213	0	1804	0	0	0	15	10	17	0	64	57	61	0	481	12	20	0	139
20:15:00	72900	194	295	0	2402	122	223	0	1703	0	0	0	15	12	13	0	63	53	49	0	485	7	10	0	136
20:20:00	73200	186	302	0	2286	116	215	0	1604	0	0	0	15	7	11	0	59	55	52	0	488	8	24	0	120
20:25:00	73500	164	270	0	2180	100	193	0	1511	0	0	0	15	10	8	0	61	50	61	0	477	4	8	0	116
20:30:00	73800	199	262	0	2117	115	188	0	1438	0	0	0	15	20	13	0	68	53	50	0	480	11	11	0	116
20:35:00	74100	217	240	0	2094	150	167	0	1421	0	0	0	15	17	11	0	74	47	47	0	480	3	15	0	104
20:40:00	74400	160	244	0	2010	98	158	0	1361	0	0	0	15	10	10	0	74	50	61	0	469	2	15	0	91
20:45:00	74700	137	238	0	1909	65	169	0	1257	0	0	0	15	11	11	0	74	54	50	0	473	7	8	0	90
20:50:00	75000	131	249	0	1791	79	158	0	1178	0	0	0	15	8	18	0	64	42	61	0	454	2	12	0	80
20:55:00	75300	127	208	0	1710	67	136	0	1109	0	0	0	15	13	12	0	65	45	57	0	442	2	3	0	79
21:00:00	75600	157	220	0	1647	103	141	0	1071	0	0	0	15	15	13	0	67	39	56	0	425	0	10	0	69
21:05:00	75900	166	181	0	1632	108	109	0	1070	0	0	0	15	16	10	0	73	40	57	0	408	2	5	0	66
21:10:00	76200	127	187	0	1572	61	123	0	1008	0	0	0	15	9	12	0	70	56	47	0	417	1	5	0	62
21:15:00	76500	112	185	0	1499	59	115	0	952	0	0	0	15	5	14	0	61	42	54	0	405	6	2	0	66
21:20:00	76800	97	169	0	1427	47	107	0	892	0	0	0	15	9	11	0	59	37	47	0	395	4	4	0	66
21:25:00	77100	132	162	0	1397	64	107	0	849	0	0	0	15	12	18	0	53	50	35	0	410	6	2	0	70
21:30:00	77400	126	183	0	1340	81	116	0	814	0	0	0	15	10	12	0	51	28	52	0	386	7	3	0	74
21:35:00	77700	106	136	0	1310	62	85	0	791	0	0	0	15	3	4	0	50	37	45	0	378	4	2	0	76
21:40:00	78000	95	127	0	1278	43	74	0	760	0	0	0	15	9	9	0	50	33	40	0	371	10	4	0	82
21:45:00	78300	107	135	0	1250	44	82	0	722	0	0	0	15	14	11	0	53	47	40	0	378	2	2	0	82
21:50:00	78600	114	140	0	1224	51	88	0	685	0	0	0	15	7	10	0	50	48	40	0	386	8	2	0	88
21:55:00	78900	102	143	0	1183	51	73	0	663	0	0	0	15	10	9	0	51	35	61	0	360	6	0	0	94
22:00:00	79200	107	112	0	1178	58	66	0	655	0	0	0	15	8	9	0	50	35	33	0	362	6	4	0	96
22:05:00	79500	93	104	0	1167	30	58	0	627	0	0	0	15	11	13	0	48	43	29	0	376	9	4	0	101
22:10:00	79800	73	137	0	1103	23	77	0	573	0	0	0	15	8	8	0	48	35	44	0	367	7	8	0	100
22:15:00	80100	91	119	0	1075	35	62	0	546	0	0	0	15	11	11	0	48	41	42	0	366	4	4	0	100
22:20:00	80400	64	133	0	1006	22	69	0	499	0	0	0	15	7	7	0	48	29	44	0	351	6	13	0	93
22:25:00	80700	81	121	0	966	38	56	0	481	0	0	0	15	7	14	0	41	31	39	0	343	5	12	0	86
22:30:00	81000	82	111	0	937	19	49	0	451	0	0	0	15	10	13	0	38	46	42	0	347	7	7	0	86
22:35:00	81300	71	92	0	916	22	47	0	426	0	0	0	15	6	8	0	36	39	31	0	355	4	6	0	84
22:40:00	81600	76	106	0	886	17	58	0	385	0	0	0	15	12	6	0	42	41	35	0	361	6	7	0	83
22:45:00	81900	67	116	0	837	19	52	0	352	0	0	0	15	7	11	0	38	40	45	0	356	1	8	0	76
22:50:00	82200	64	106	0	795	20	50	0	322	0	0	0	15	7	13	0	32	35	36	0	355	2	7	0	71
22:55:00	82500	47	107	0	735	21	44	0	299	0	0	0	15	3	3	0	32	22	52	0	325	1	8	0	64
23:00:00	82800	49	78	0	706	10	29	0	280	0	0	0	15	8	5	0	35	28	39	0	314	3	5	0	62
23:05:00	83100	42	94	0	654	4	44	0	240	0	0	0	15	4	9	0	30	30	36	0	308	4	5	0	61
23:10:00	83400	51	78	0	627	11	31	0	220	0	0	0	15	6	7	0	29	26	38	0	296	8	2	0	67
23:15:00	83700	57	61	0	623	13	19	0	214	0	0	0	15	4	5	0	28	36	36	0	296	4	1	0	70
23:20:00	84000	43	81	0	585	14	26	0	202	0	0	0	15	5	8	0	25	22	44	0	274	2	3	0	69
23:25:00	84300	41	73	0	553	12	25	0	189	0	0	0	15	6	6	0	25	22	37	0	259	1	5	0	65
23:30:00	84600	49	53	0	549	4	14	0	179	0	0	0	15	7	3	0	29	36	28	0	267	2	8	0	59
23:35:00	84900	43	68	0	524	6	24	0	161	0	0	0	15	3	5	0	27	29	38	0	258	5	1	0	63
23:40:00	85200	53	66	0	511	6	29	0	138	0	0	0	15	3	4	0	26	38	32	0	264	6	1	0	68
23:45:00	85500	45	57	0	499	6	15	0	129	0	0	0	15	7	10	0	23	27	29	0	262	5	3	0	70
23:50:00	85800	44	54	0	489	7	13	0	123	0	0	0	15	7	4	0	26	25	33	0	254	5	4	0	71
23:55:00	86100	36	48	0	477	2	14	0	111	0	0	0	15	13	4	0	35	18	26	0	246	3	4	0	70
24:00:00	86400	731	63	0	1145	45	18	0	138	0	0	0	15	73	10	0	98	612	33	0	825	1	2	0	69
24:05:00	86700	34	51	0	1128	0	12	0	126	0	0	0	15	23	5	0	116	10	31	0	804	1	3	0	67
24:10:00	87000	33	81	0	1080	0	17	0	109	0	0	0	15	19	15	0	120	14	44	0	774	0	5	0	62
24:15:00	87300	12	89	0	1003	1	10	0	100	0	0	0	15	7	21	0	106	4	54	0	724	0	4	0	58
24:20:00	87600	13	99	0	917	0	16	0	84	0	0	0	15	8	20	0	94	5	55	0	674	0	8	0	50
24:25:00	87900	9	134	0	792	0	11	0	73	0	0	0	15	8	28	0	74	1	89	0	586	0	6	0	44
24:30:00	88200	15	77	0	730	0	8	0	65	0	0	0	15	12	14	0	72	3	52	0	537	0	3	0	41
24:35:00	88500	15	132	0	613	1	11	0	55	0	0	0	15	13	29	0	56	1	89	0	449	0	3	0	38
24:40:00	88800	10	88	0	535	0	11	0	44	0	0	0	15	7	5	0	58	3	68	0	384	0	4	0	34
24:45:00	89100	7	84	0	458	0	5	0	39	0	0	0	15	5	18	0	45	2	59	0	327	0	2	0	32
24:50:00	89400	5	82	0	381	0	3	0	36	0	0	0	15	4	17	0	32	1	57	0	271	0	5	0	27
24:55:00	89700	8	62	0	327	0	3	0	33	0	0	0	15	6	13	0	25	2	46	0	227	0	0	0	27
25:00:00	90000	1	57	0	271	0	3	0	30	0	0	0	15	1	5	0	21	0	47	0	180	0	2	0	25
25:05:00	90300	5	58	0	218	0	1	0	29	0	0	0	15	3	7	0	17	2	49	0	133	0	1	0	24
25:10:00	90600	10	47	0	181	1	3	0	27	0	0	0	15	4	3	0	18	5	40	0	98	0	1	0	23
25:15:00	90900	3	46	0	138	0	2	0	25	0	0	0	15	1	5	0	14	2	39	0	61	0	0	0	23
25:20:00	91200	5	26	0	117	0	4	0	21	0	0	0	15	3	1	0	16	2	21	0	42	0	0	0	23
25:25:00	91500	3	16	0	104	0	1	0	20	0	0	0	15	3	1	0	18	0	14	0	28	0	0	0	23
25:30:00	91800	2	26	0	80	0	2	0	18	0	0	0	15	0	6	0	12	2	18	0	12	0	0	0	23
25:35:00	92100	0	14	0	66	0	0	0	18	0	0	0	15	0	2	0	10	0	12	0	0	0	0	0	23
25:40:00	92400	1	18	0	49	0	2	0	16	0	0	0	15	0	5	0	5	1	11	0	-10	0	0	0	23
25:45:00	92700	0	8	0	41	0	0	0	16	0	0	0	15	0	2	0	3	0	5	0	-15	0	1	0	22
25:50:00	93000	2	7	0	36	0	3	0	13	0	0	0	15	2	1	0	4	0	3	0	-18	0	0	0	22
25:55:00	93300	1	5	0	32	0	0	0	13	0	0	0	15	1	1	0	4	0	4	0	-22	0	0	0	22
26:00:00	93600	2	0	0	34	0	0	0	13	0	0	0	15	1	0	0	5	1	0	0	-21	0	0	0	22
26:05:00	93900	0	5	0	29	0	1	0	12	0	0	0	15	0	3	0	2	0	1	0	-22	0	0	0	22
26:10:00	94200	0	6	0	23	0	0	0	12	0	0	0	15	0	0	0	2	0	6	0	-28	0	0	0	22
26:15:00	94500	1	3	0	21	0	1	0	11	0	0	0	15	1	1	0	2	0	1	0	-29	0	0	0	22
26:20:00	94800	0	1	0	20	0	1	0	10	0	0	0	15	0	0	0	2	0	0	0	-29	0	0	0	22
26:25:00	95100	0	1	0	19	0	0	0	10	0	0	0	15	0	0	0	2	0	1	0	-30	0	0	0	22
26:30:00	95400	1	2	0	18	0	0	0	10	0	0	0	15	1	0	0	3	0	2	0	-32	0	0	0	22
26:35:00	95700	3	3	0	18	1	0	0	11	0	0	0	15	2	1	0	4	0	2	0	-34	0	0	0	22
26:40:00	96000	1	1	0	18	0	0	0	11	0	0	0	15	1	0	0	5	0	1	0	-35	0	0	0	22
26:45:00	96300	1	2	0	17	0	1	0	10	0	0	0	15	1	0	0	6	0	1	0	-36	0	0	0	22
26:50:00	96600	1	1	0	17	0	0	0	10	0	0	0	15	1	1	0	6	0	0	0	-36	0	0	0	22
26:55:00	96900	0	2	0	15	0	0	0	10	0	0	0	15	0	2	0	4	0	0	0	-36	0	0	0	22
27:00:00	97200	0	0	0	15	0	0	0	10	0	0	0	15	0	0	0	4	0	0	0	-36	0	0	0	22
27:05:00	97500	0	2	0	13	0	0	0	10	0	0	0	15	0	2	0	2	0	0	0	-36	0	0	0	22
27:10:00	97800	0	1	0	12	0	0	0	10	0	0	0	15	0	1	0	1	0	0	0	-36	0	0	0	22
27:15:00	98100	0	0	0	12	0	0	0	10	0	0	0	15	0	0	0	1	0	0	0	-36	0	0	0	22
27:20:00	98400	0	1	0	11	0	0	0	10	0	0	0	15	0	0	0	1	0	1	0	-37	0	0	0	22
27:25:00	98700	1	1	0	11	0	0	0	10	0	0	0	15	1	1	0	1	0	0	0	-37	0	0	0	22
27:30:00	99000	0	0	0	11	0	0	0	10	0	0	0	15	0	0	0	1	0	0	0	-37	0	0	0	22
27:35:00	99300	0	2	0	9	0	1	0	9	0	0	0	15	0	1	0	0	0	0	0	-37	0	0	0	22
27:40:00	99600	0	0	0	9	0	0	0	9	0	0	0	15	0	0	0	0	0	0	0	-37	0	0	0	22
27:45:00	99900	0	0	0	9	0	0	0	9	0	0	0	15	0	0	0	0	0	0	0	-37	0	0	0	22
27:50:00	100200	1	1	0	9	0	1	0	8	0	0	0	15	1	0	0	1	0	0	0	-37	0	0	0	22
27:55:00	100500	1	0	0	10	0	0	0	8	0	0	0	15	1	0	0	2	0	0	0	-37	0	0	0	22
28:00:00	100800	0	0	0	10	0	0	0	8	0	0	0	15	0	0	0	2	0	0	0	-37	0	0	0	22
28:05:00	101100	0	0	0	10	0	0	0	8	0	0	0	15	0	0	0	2	0	0	0	-37	0	0	0	22
28:10:00	101400	0	0	0	10	0	0	0	8	0	0	0	15	0	0	0	2	0	0	0	-37	0	0	0	22
28:15:00	101700	1	1	0	10	1	0	0	9	0	0	0	15	0	1	0	1	0	0	0	-37	0	0	0	22
28:20:00	102000	0	0	0	10	0	0	0	9	0	0	0	15	0	0	0	1	0	0	0	-37	0	0	0	22
28:25:00	102300	0	0	0	10	0	0	0	9	0	0	0	15	0	0	0	1	0	0	0	-37	0	0	0	22
28:30:00	102600	0	0	0	10	0	0	0	9	0	0	0	15	0	0	0	1	0	0	0	-37	0	0	0	22
28:35:00	102900	0	0	0	10	0	0	0	9	0	0	0	15	0	0	0	1	0	0	0	-37	0	0	0	22
28:40:00	103200	0	0	0	10	0	0	0	9	0	0	0	15	0	0	0	1	0	0	0	-37	0	0	0	22
28:45:00	103500	0	2	0	8	0	1	0	8	0	0	0	15	0	1	0	0	0	0	0	-37	0	0	0	22
28:50:00	103800	0	1	0	7	0	1	0	7	0	0	0	15	0	0	0	0	0	0	0	-37	0	0	0	22
28:55:00	104100	2	0	0	9	0	0	0	7	0	0	0	15	2	0	0	2	0	0	0	-37	0	0	0	22
29:00:00	104400	0	0	0	9	0	0	0	7	0	0	0	15	0	0	0	2	0	0	0	-37	0	0	0	22
29:05:00	104700	0	1	0	8	0	1	0	6	0	0	0	15	0	0	0	2	0	0	0	-37	0	0	0	22
29:10:00	105000	0	0	0	8	0	0	0	6	0	0	0	15	0	0	0	2	0	0	0	-37	0	0	0	22
29:15:00	105300	0	0	0	8	0	0	0	6	0	0	0	15	0	0	0	2	0	0	0	-37	0	0	0	22
29:20:00	105600	0	2	0	6	0	0	0	6	0	0	0	15	0	2	0	0	0	0	0	-37	0	0	0	22
29:25:00	105900	1	0	0	7	0	0	0	6	0	0	0	15	0	0	0	0	1	0	0	-36	0	0	0	22
29:30:00	106200	0	0	0	7	0	0	0	6	0	0	0	15	0	0	0	0	0	0	0	-36	0	0	0	22
29:35:00	106500	2	1	0	8	2	1	0	7	0	0	0	15	0	0	0	0	0	0	0	-36	0	0	0	22
29:40:00	106800	1	0	0	9	1	0	0	8	0	0	0	15	0	0	0	0	0	0	0	-36	0	0	0	22
29:45:00	107100	2	0	0	11	2	0	0	10	0	0	0	15	0	0	0	0	0	0	0	-36	0	0	0	22
29:50:00	107400	1	0	0	12	1	0	0	11	0	0	0	15	0	0	0	0	0	0	0	-36	0	0	0	22
29:55:00	107700	2	1	0	13	2	1	0	12	0	0	0	15	0	0	0	0	0	0	0	-36	0	0	0	22
30:00:00	108000	0	0	0	13	0	0	0	12	0	0	0	15	0	0	0	0	0	0	0	-36	0	0	0	22
30:05:00	108300	0	0	0	13	0	0	0	12	0	0	0	15	0	0	0	0	0	0	0	-36	0	0	0	22
