time	time	departures_all	arrivals_all	stuck_all	en-route_all	departures_car	arrivals_car	stuck_car	en-route_car	departures_drive_transit	arrivals_drive_transit	stuck_drive_transit	en-route_drive_transit	departures_ride_hail	arrivals_ride_hail	stuck_ride_hail	en-route_ride_hail	departures_walk	arrivals_walk	stuck_walk	en-route_walk	departures_walk_transit	arrivals_walk_transit	stuck_walk_transit	en-route_walk_transit
00:00:00	0	0	0	0	0	0	0	0	0	0	0	0	0	0	0	0	0	0	0	0	0	0	0	0	0
00:05:00	300	0	0	0	0	0	0	0	0	0	0	0	0	0	0	0	0	0	0	0	0	0	0	0	0
00:10:00	600	0	0	0	0	0	0	0	0	0	0	0	0	0	0	0	0	0	0	0	0	0	0	0	0
00:15:00	900	0	0	0	0	0	0	0	0	0	0	0	0	0	0	0	0	0	0	0	0	0	0	0	0
00:20:00	1200	0	0	0	0	0	0	0	0	0	0	0	0	0	0	0	0	0	0	0	0	0	0	0	0
00:25:00	1500	0	0	0	0	0	0	0	0	0	0	0	0	0	0	0	0	0	0	0	0	0	0	0	0
00:30:00	1800	0	0	0	0	0	0	0	0	0	0	0	0	0	0	0	0	0	0	0	0	0	0	0	0
00:35:00	2100	0	0	0	0	0	0	0	0	0	0	0	0	0	0	0	0	0	0	0	0	0	0	0	0
00:40:00	2400	0	0	0	0	0	0	0	0	0	0	0	0	0	0	0	0	0	0	0	0	0	0	0	0
00:45:00	2700	0	0	0	0	0	0	0	0	0	0	0	0	0	0	0	0	0	0	0	0	0	0	0	0
00:50:00	3000	0	0	0	0	0	0	0	0	0	0	0	0	0	0	0	0	0	0	0	0	0	0	0	0
00:55:00	3300	0	0	0	0	0	0	0	0	0	0	0	0	0	0	0	0	0	0	0	0	0	0	0	0
01:00:00	3600	0	0	0	0	0	0	0	0	0	0	0	0	0	0	0	0	0	0	0	0	0	0	0	0
01:05:00	3900	0	0	0	0	0	0	0	0	0	0	0	0	0	0	0	0	0	0	0	0	0	0	0	0
01:10:00	4200	0	0	0	0	0	0	0	0	0	0	0	0	0	0	0	0	0	0	0	0	0	0	0	0
01:15:00	4500	0	0	0	0	0	0	0	0	0	0	0	0	0	0	0	0	0	0	0	0	0	0	0	0
01:20:00	4800	0	0	0	0	0	0	0	0	0	0	0	0	0	0	0	0	0	0	0	0	0	0	0	0
01:25:00	5100	0	0	0	0	0	0	0	0	0	0	0	0	0	0	0	0	0	0	0	0	0	0	0	0
01:30:00	5400	0	0	0	0	0	0	0	0	0	0	0	0	0	0	0	0	0	0	0	0	0	0	0	0
01:35:00	5700	0	0	0	0	0	0	0	0	0	0	0	0	0	0	0	0	0	0	0	0	0	0	0	0
01:40:00	6000	0	0	0	0	0	0	0	0	0	0	0	0	0	0	0	0	0	0	0	0	0	0	0	0
01:45:00	6300	0	0	0	0	0	0	0	0	0	0	0	0	0	0	0	0	0	0	0	0	0	0	0	0
01:50:00	6600	0	0	0	0	0	0	0	0	0	0	0	0	0	0	0	0	0	0	0	0	0	0	0	0
01:55:00	6900	0	0	0	0	0	0	0	0	0	0	0	0	0	0	0	0	0	0	0	0	0	0	0	0
02:00:00	7200	0	0	0	0	0	0	0	0	0	0	0	0	0	0	0	0	0	0	0	0	0	0	0	0
02:05:00	7500	0	0	0	0	0	0	0	0	0	0	0	0	0	0	0	0	0	0	0	0	0	0	0	0
02:10:00	7800	0	0	0	0	0	0	0	0	0	0	0	0	0	0	0	0	0	0	0	0	0	0	0	0
02:15:00	8100	0	0	0	0	0	0	0	0	0	0	0	0	0	0	0	0	0	0	0	0	0	0	0	0
02:20:00	8400	0	0	0	0	0	0	0	0	0	0	0	0	0	0	0	0	0	0	0	0	0	0	0	0
02:25:00	8700	0	0	0	0	0	0	0	0	0	0	0	0	0	0	0	0	0	0	0	0	0	0	0	0
02:30:00	9000	0	0	0	0	0	0	0	0	0	0	0	0	0	0	0	0	0	0	0	0	0	0	0	0
02:35:00	9300	0	0	0	0	0	0	0	0	0	0	0	0	0	0	0	0	0	0	0	0	0	0	0	0
02:40:00	9600	0	0	0	0	0	0	0	0	0	0	0	0	0	0	0	0	0	0	0	0	0	0	0	0
02:45:00	9900	0	0	0	0	0	0	0	0	0	0	0	0	0	0	0	0	0	0	0	0	0	0	0	0
02:50:00	10200	0	0	0	0	0	0	0	0	0	0	0	0	0	0	0	0	0	0	0	0	0	0	0	0
02:55:00	10500	0	0	0	0	0	0	0	0	0	0	0	0	0	0	0	0	0	0	0	0	0	0	0	0
03:00:00	10800	0	0	0	0	0	0	0	0	0	0	0	0	0	0	0	0	0	0	0	0	0	0	0	0
03:05:00	11100	0	0	0	0	0	0	0	0	0	0	0	0	0	0	0	0	0	0	0	0	0	0	0	0
03:10:00	11400	0	0	0	0	0	0	0	0	0	0	0	0	0	0	0	0	0	0	0	0	0	0	0	0
03:15:00	11700	0	0	0	0	0	0	0	0	0	0	0	0	0	0	0	0	0	0	0	0	0	0	0	0
03:20:00	12000	0	0	0	0	0	0	0	0	0	0	0	0	0	0	0	0	0	0	0	0	0	0	0	0
03:25:00	12300	0	0	0	0	0	0	0	0	0	0	0	0	0	0	0	0	0	0	0	0	0	0	0	0
03:30:00	12600	0	0	0	0	0	0	0	0	0	0	0	0	0	0	0	0	0	0	0	0	0	0	0	0
03:35:00	12900	0	0	0	0	0	0	0	0	0	0	0	0	0	0	0	0	0	0	0	0	0	0	0	0
03:40:00	13200	0	0	0	0	0	0	0	0	0	0	0	0	0	0	0	0	0	0	0	0	0	0	0	0
03:45:00	13500	0	0	0	0	0	0	0	0	0	0	0	0	0	0	0	0	0	0	0	0	0	0	0	0
03:50:00	13800	0	0	0	0	0	0	0	0	0	0	0	0	0	0	0	0	0	0	0	0	0	0	0	0
03:55:00	14100	0	0	0	0	0	0	0	0	0	0	0	0	0	0	0	0	0	0	0	0	0	0	0	0
04:00:00	14400	0	0	0	0	0	0	0	0	0	0	0	0	0	0	0	0	0	0	0	0	0	0	0	0
04:05:00	14700	0	0	0	0	0	0	0	0	0	0	0	0	0	0	0	0	0	0	0	0	0	0	0	0
04:10:00	15000	0	0	0	0	0	0	0	0	0	0	0	0	0	0	0	0	0	0	0	0	0	0	0	0
04:15:00	15300	0	0	0	0	0	0	0	0	0	0	0	0	0	0	0	0	0	0	0	0	0	0	0	0
04:20:00	15600	0	0	0	0	0	0	0	0	0	0	0	0	0	0	0	0	0	0	0	0	0	0	0	0
04:25:00	15900	0	0	0	0	0	0	0	0	0	0	0	0	0	0	0	0	0	0	0	0	0	0	0	0
04:30:00	16200	0	0	0	0	0	0	0	0	0	0	0	0	0	0	0	0	0	0	0	0	0	0	0	0
04:35:00	16500	0	0	0	0	0	0	0	0	0	0	0	0	0	0	0	0	0	0	0	0	0	0	0	0
04:40:00	16800	0	0	0	0	0	0	0	0	0	0	0	0	0	0	0	0	0	0	0	0	0	0	0	0
04:45:00	17100	0	0	0	0	0	0	0	0	0	0	0	0	0	0	0	0	0	0	0	0	0	0	0	0
04:50:00	17400	0	0	0	0	0	0	0	0	0	0	0	0	0	0	0	0	0	0	0	0	0	0	0	0
04:55:00	17700	0	0	0	0	0	0	0	0	0	0	0	0	0	0	0	0	0	0	0	0	0	0	0	0
05:00:00	18000	0	0	0	0	0	0	0	0	0	0	0	0	0	0	0	0	0	0	0	0	0	0	0	0
05:05:00	18300	0	0	0	0	0	0	0	0	0	0	0	0	0	0	0	0	0	0	0	0	0	0	0	0
05:10:00	18600	0	0	0	0	0	0	0	0	0	0	0	0	0	0	0	0	0	0	0	0	0	0	0	0
05:15:00	18900	0	0	0	0	0	0	0	0	0	0	0	0	0	0	0	0	0	0	0	0	0	0	0	0
05:20:00	19200	0	0	0	0	0	0	0	0	0	0	0	0	0	0	0	0	0	0	0	0	0	0	0	0
05:25:00	19500	0	0	0	0	0	0	0	0	0	0	0	0	0	0	0	0	0	0	0	0	0	0	0	0
05:30:00	19800	0	0	0	0	0	0	0	0	0	0	0	0	0	0	0	0	0	0	0	0	0	0	0	0
05:35:00	20100	0	0	0	0	0	0	0	0	0	0	0	0	0	0	0	0	0	0	0	0	0	0	0	0
05:40:00	20400	0	0	0	0	0	0	0	0	0	0	0	0	0	0	0	0	0	0	0	0	0	0	0	0
05:45:00	20700	0	0	0	0	0	0	0	0	0	0	0	0	0	0	0	0	0	0	0	0	0	0	0	0
05:50:00	21000	0	0	0	0	0	0	0	0	0	0	0	0	0	0	0	0	0	0	0	0	0	0	0	0
05:55:00	21300	0	0	0	0	0	0	0	0	0	0	0	0	0	0	0	0	0	0	0	0	0	0	0	0
06:00:00	21600	0	0	0	0	0	0	0	0	0	0	0	0	0	0	0	0	0	0	0	0	0	0	0	0
06:05:00	21900	0	0	0	0	0	0	0	0	0	0	0	0	0	0	0	0	0	0	0	0	0	0	0	0
06:10:00	22200	0	0	0	0	0	0	0	0	0	0	0	0	0	0	0	0	0	0	0	0	0	0	0	0
06:15:00	22500	0	0	0	0	0	0	0	0	0	0	0	0	0	0	0	0	0	0	0	0	0	0	0	0
06:20:00	22800	0	0	0	0	0	0	0	0	0	0	0	0	0	0	0	0	0	0	0	0	0	0	0	0
06:25:00	23100	0	0	0	0	0	0	0	0	0	0	0	0	0	0	0	0	0	0	0	0	0	0	0	0
06:30:00	23400	0	0	0	0	0	0	0	0	0	0	0	0	0	0	0	0	0	0	0	0	0	0	0	0
06:35:00	23700	0	0	0	0	0	0	0	0	0	0	0	0	0	0	0	0	0	0	0	0	0	0	0	0
06:40:00	24000	1	0	0	1	1	0	0	1	0	0	0	0	0	0	0	0	0	0	0	0	0	0	0	0
06:45:00	24300	0	0	0	1	0	0	0	1	0	0	0	0	0	0	0	0	0	0	0	0	0	0	0	0
06:50:00	24600	0	0	0	1	0	0	0	1	0	0	0	0	0	0	0	0	0	0	0	0	0	0	0	0
06:55:00	24900	1	1	0	1	1	1	0	1	0	0	0	0	0	0	0	0	0	0	0	0	0	0	0	0
07:00:00	25200	0	0	0	1	0	0	0	1	0	0	0	0	0	0	0	0	0	0	0	0	0	0	0	0
07:05:00	25500	5	0	0	6	5	0	0	6	0	0	0	0	0	0	0	0	0	0	0	0	0	0	0	0
07:10:00	25800	6	2	0	10	6	2	0	10	0	0	0	0	0	0	0	0	0	0	0	0	0	0	0	0
07:15:00	26100	37	1	0	46	37	1	0	46	0	0	0	0	0	0	0	0	0	0	0	0	0	0	0	0
07:20:00	26400	29	4	0	71	29	4	0	71	0	0	0	0	0	0	0	0	0	0	0	0	0	0	0	0
07:25:00	26700	59	20	0	110	48	20	0	99	10	0	0	10	0	0	0	0	0	0	0	0	1	0	0	1
07:30:00	27000	95	20	0	185	90	20	0	169	3	0	0	13	0	0	0	0	0	0	0	0	2	0	0	3
07:35:00	27300	99	35	0	249	98	35	0	232	1	0	0	14	0	0	0	0	0	0	0	0	0	0	0	3
07:40:00	27600	154	55	0	348	115	55	0	292	4	0	0	18	0	0	0	0	0	0	0	0	35	0	0	38
07:45:00	27900	168	81	0	435	162	80	0	374	3	0	0	21	0	0	0	0	0	0	0	0	3	1	0	40
07:50:00	28200	269	88	0	616	263	88	0	549	1	0	0	22	1	0	0	1	0	0	0	0	4	0	0	44
07:55:00	28500	382	156	0	842	370	154	0	765	1	0	0	23	0	1	0	0	1	1	0	0	10	0	0	54
08:00:00	28800	410	194	0	1058	404	188	0	981	2	4	0	21	3	0	0	3	0	0	0	0	1	2	0	53
08:05:00	29100	487	231	0	1314	476	222	0	1235	0	0	0	21	0	2	0	1	1	0	0	1	10	7	0	56
08:10:00	29400	464	308	0	1470	460	301	0	1394	1	0	0	22	1	0	0	2	0	0	0	1	2	7	0	51
08:15:00	29700	410	291	0	1589	398	285	0	1507	3	1	0	24	1	0	0	3	0	0	0	1	8	5	0	54
08:20:00	30000	366	325	0	1630	352	319	0	1540	5	2	0	27	0	1	0	2	1	1	0	1	8	2	0	60
08:25:00	30300	343	343	0	1630	326	339	0	1527	1	0	0	28	0	2	0	0	0	0	0	1	16	2	0	74
08:30:00	30600	378	317	0	1691	357	317	0	1567	3	0	0	31	0	0	0	0	0	0	0	1	18	0	0	92
08:35:00	30900	389	347	0	1733	378	323	0	1622	1	3	0	29	2	0	0	2	0	10	0	-9	8	11	0	89
08:40:00	31200	343	324	0	1752	328	310	0	1640	0	3	0	26	0	1	0	1	2	2	0	-9	13	8	0	94
08:45:00	31500	360	353	0	1759	348	342	0	1646	4	3	0	27	2	1	0	2	0	0	0	-9	6	7	0	93
08:50:00	31800	360	347	0	1772	335	323	0	1658	4	3	0	28	1	1	0	2	1	0	0	-8	19	20	0	92
08:55:00	32100	322	281	0	1813	294	273	0	1679	13	0	0	41	4	3	0	3	3	2	0	-7	8	3	0	97
09:00:00	32400	370	299	0	1884	335	289	0	1725	3	0	0	44	0	2	0	1	4	4	0	-7	28	4	0	121
09:05:00	32700	280	333	0	1831	243	288	0	1680	9	2	0	51	0	1	0	0	3	37	0	-41	25	5	0	141
09:10:00	33000	266	265	0	1832	247	250	0	1677	5	3	0	53	3	0	0	3	2	1	0	-40	9	11	0	139
09:15:00	33300	256	302	0	1786	215	278	0	1614	11	5	0	59	1	1	0	3	3	3	0	-40	26	15	0	150
09:20:00	33600	216	299	0	1703	199	277	0	1536	1	2	0	58	4	2	0	5	1	1	0	-40	11	17	0	144
09:25:00	33900	224	315	0	1612	178	279	0	1435	2	1	0	59	4	2	0	7	5	7	0	-42	35	26	0	153
09:30:00	34200	174	288	0	1498	153	269	0	1319	4	3	0	60	1	2	0	6	2	1	0	-41	14	13	0	154
09:35:00	34500	179	264	0	1413	142	243	0	1218	10	3	0	67	1	4	0	3	7	9	0	-43	19	5	0	168
09:40:00	34800	131	237	0	1307	105	223	0	1100	14	0	0	81	3	1	0	5	2	3	0	-44	7	10	0	165
09:45:00	35100	141	244	0	1204	101	223	0	978	8	1	0	88	1	4	0	2	9	10	0	-45	22	6	0	181
09:50:00	35400	130	205	0	1129	91	178	0	891	5	7	0	86	6	2	0	6	1	2	0	-46	27	16	0	192
09:55:00	35700	100	220	0	1009	71	189	0	773	8	7	0	87	1	2	0	5	6	5	0	-45	14	17	0	189
10:00:00	36000	100	162	0	947	76	144	0	705	12	2	0	97	0	4	0	1	1	1	0	-45	11	11	0	189
10:05:00	36300	90	168	0	869	54	151	0	608	9	3	0	103	2	1	0	2	6	5	0	-44	19	8	0	200
10:10:00	36600	112	159	0	822	48	129	0	527	14	3	0	114	3	1	0	4	17	17	0	-44	30	9	0	221
10:15:00	36900	70	155	0	737	41	134	0	434	7	5	0	116	3	2	0	5	0	1	0	-45	19	13	0	227
10:20:00	37200	93	158	0	672	38	104	0	368	14	12	0	118	5	3	0	7	17	22	0	-50	19	17	0	229
10:25:00	37500	60	144	0	588	33	92	0	309	8	4	0	122	2	3	0	6	3	13	0	-60	14	32	0	211
10:30:00	37800	80	113	0	555	34	79	0	264	8	4	0	126	4	4	0	6	15	16	0	-61	19	10	0	220
10:35:00	38100	53	92	0	516	23	64	0	223	8	5	0	129	4	2	0	8	4	2	0	-59	14	19	0	215
10:40:00	38400	70	95	0	491	22	58	0	187	11	8	0	132	2	7	0	3	9	11	0	-61	26	11	0	230
10:45:00	38700	85	95	0	481	30	60	0	157	22	4	0	150	6	2	0	7	13	13	0	-61	14	16	0	228
10:50:00	39000	85	103	0	463	39	32	0	164	14	6	0	158	4	4	0	7	3	33	0	-91	25	28	0	225
10:55:00	39300	75	74	0	464	36	39	0	161	15	2	0	171	6	5	0	8	7	4	0	-88	11	24	0	212
11:00:00	39600	69	85	0	448	34	44	0	151	10	4	0	177	7	6	0	9	2	5	0	-91	16	26	0	202
11:05:00	39900	78	71	0	455	28	34	0	145	12	4	0	185	4	8	0	5	10	12	0	-93	24	13	0	213
11:10:00	40200	84	82	0	457	45	52	0	138	11	7	0	189	5	3	0	7	6	10	0	-97	17	10	0	220
11:15:00	40500	65	72	0	450	28	41	0	125	8	5	0	192	5	4	0	8	15	8	0	-90	9	14	0	215
11:20:00	40800	143	80	0	513	94	36	0	183	6	6	0	192	4	4	0	8	30	1	0	-61	9	33	0	191
11:25:00	41100	85	83	0	515	33	39	0	177	14	7	0	199	5	4	0	9	8	10	0	-63	25	23	0	193
11:30:00	41400	83	69	0	529	51	44	0	184	6	1	0	204	4	4	0	9	11	4	0	-56	11	16	0	188
11:35:00	41700	83	83	0	529	28	41	0	171	16	4	0	216	3	6	0	6	9	15	0	-62	27	17	0	198
11:40:00	42000	110	92	0	547	34	59	0	146	16	3	0	229	18	4	0	20	9	6	0	-59	33	20	0	211
11:45:00	42300	121	98	0	570	54	48	0	152	7	9	0	227	2	3	0	19	25	21	0	-55	33	17	0	227
11:50:00	42600	83	101	0	552	32	53	0	131	14	3	0	238	5	5	0	19	4	7	0	-58	28	33	0	222
11:55:00	42900	69	78	0	543	41	39	0	133	7	3	0	242	10	5	0	24	0	5	0	-63	11	26	0	207
12:00:00	43200	45	87	0	501	26	31	0	128	8	5	0	245	2	16	0	10	0	25	0	-88	9	10	0	206
12:05:00	43500	57	102	0	456	37	41	0	124	10	3	0	252	3	8	0	5	1	29	0	-116	6	21	0	191
12:10:00	43800	98	71	0	483	39	30	0	133	12	6	0	258	20	3	0	22	9	15	0	-122	18	17	0	192
12:15:00	44100	98	71	0	510	54	40	0	147	18	3	0	273	5	2	0	25	1	10	0	-131	20	16	0	196
12:20:00	44400	91	86	0	515	47	44	0	150	14	4	0	283	8	3	0	30	1	11	0	-141	21	24	0	193
12:25:00	44700	118	116	0	517	52	59	0	143	15	5	0	293	13	27	0	16	3	0	0	-138	35	25	0	203
12:30:00	45000	86	62	0	541	38	30	0	151	22	2	0	313	6	10	0	12	13	5	0	-130	7	15	0	195
12:35:00	45300	116	101	0	556	60	40	0	171	10	4	0	319	2	11	0	3	11	21	0	-140	33	25	0	203
12:40:00	45600	121	64	0	613	69	40	0	200	14	1	0	332	4	1	0	6	5	5	0	-140	29	17	0	215
12:45:00	45900	88	62	0	639	51	42	0	209	16	5	0	343	5	4	0	7	0	6	0	-146	16	5	0	226
12:50:00	46200	131	98	0	672	78	57	0	230	19	10	0	352	6	4	0	9	2	1	0	-145	26	26	0	226
12:55:00	46500	80	94	0	658	42	54	0	218	4	5	0	351	5	7	0	7	1	10	0	-154	28	18	0	236
13:00:00	46800	115	108	0	665	49	52	0	215	24	4	0	371	7	4	0	10	10	13	0	-157	25	35	0	226
13:05:00	47100	103	128	0	640	56	67	0	204	11	8	0	374	3	4	0	9	22	26	0	-161	11	23	0	214
13:10:00	47400	106	78	0	668	58	44	0	218	19	2	0	391	2	8	0	3	3	5	0	-163	24	19	0	219
13:15:00	47700	113	107	0	674	71	56	0	233	17	10	0	398	7	1	0	9	7	13	0	-169	11	27	0	203
13:20:00	48000	96	122	0	648	39	61	0	211	16	4	0	410	13	4	0	18	7	21	0	-183	21	32	0	192
13:25:00	48300	111	98	0	661	44	49	0	206	20	4	0	426	11	8	0	21	12	7	0	-178	24	30	0	186
13:30:00	48600	126	115	0	672	78	61	0	223	8	6	0	428	7	16	0	12	12	16	0	-182	21	16	0	191
13:35:00	48900	136	127	0	681	45	56	0	212	11	1	0	438	3	7	0	8	24	34	0	-192	53	29	0	215
13:40:00	49200	146	91	0	736	94	45	0	261	16	7	0	447	6	5	0	9	4	9	0	-197	26	25	0	216
13:45:00	49500	110	113	0	733	40	65	0	236	21	7	0	461	5	7	0	7	9	10	0	-198	35	24	0	227
13:50:00	49800	111	121	0	723	62	87	0	211	12	5	0	468	7	6	0	8	7	6	0	-197	23	17	0	233
13:55:00	50100	98	102	0	719	61	56	0	216	13	7	0	474	3	7	0	4	9	11	0	-199	12	21	0	224
14:00:00	50400	135	127	0	727	39	64	0	191	23	3	0	494	27	4	0	27	21	38	0	-216	25	18	0	231
14:05:00	50700	104	98	0	733	62	44	0	209	17	6	0	505	4	6	0	25	4	14	0	-226	17	28	0	220
14:10:00	51000	155	101	0	787	55	54	0	210	28	2	0	531	13	4	0	34	7	10	0	-229	52	31	0	241
14:15:00	51300	171	135	0	823	55	66	0	199	26	1	0	556	10	28	0	16	8	23	0	-244	72	17	0	296
14:20:00	51600	186	108	0	901	94	46	0	247	11	6	0	561	18	14	0	20	16	16	0	-244	47	26	0	317
14:25:00	51900	118	114	0	905	55	53	0	249	15	3	0	573	9	2	0	27	18	27	0	-253	21	29	0	309
14:30:00	52200	136	112	0	929	76	55	0	270	22	8	0	587	6	24	0	9	2	11	0	-262	30	14	0	325
14:35:00	52500	103	111	0	921	53	63	0	260	10	5	0	592	11	5	0	15	1	11	0	-272	28	27	0	326
14:40:00	52800	134	97	0	958	65	50	0	275	16	3	0	605	5	7	0	13	18	23	0	-277	30	14	0	342
14:45:00	53100	103	93	0	968	47	46	0	276	13	5	0	613	4	6	0	11	4	16	0	-289	35	20	0	357
14:50:00	53400	125	111	0	982	61	44	0	293	20	8	0	625	4	6	0	9	3	13	0	-299	37	40	0	354
14:55:00	53700	108	139	0	951	42	47	0	288	20	4	0	641	8	5	0	12	16	48	0	-331	22	35	0	341
15:00:00	54000	111	130	0	932	62	76	0	274	10	10	0	641	5	4	0	13	2	15	0	-344	32	25	0	348
15:05:00	54300	77	110	0	899	41	44	0	271	6	2	0	645	5	8	0	10	16	22	0	-350	9	34	0	323
15:10:00	54600	79	164	0	814	43	62	0	252	9	5	0	649	9	8	0	11	6	65	0	-409	12	24	0	311
15:15:00	54900	110	129	0	795	68	52	0	268	14	12	0	651	6	7	0	10	4	50	0	-455	18	8	0	321
15:20:00	55200	140	131	0	804	67	74	0	261	23	10	0	664	9	6	0	13	21	23	0	-457	20	18	0	323
15:25:00	55500	116	110	0	810	62	56	0	267	18	5	0	677	4	7	0	10	6	16	0	-467	26	26	0	323
15:30:00	55800	89	98	0	801	36	61	0	242	13	6	0	684	4	5	0	9	8	11	0	-470	28	15	0	336
15:35:00	56100	83	127	0	757	45	46	0	241	4	3	0	685	7	4	0	12	14	44	0	-500	13	30	0	319
15:40:00	56400	77	105	0	729	49	57	0	233	8	5	0	688	3	4	0	11	2	15	0	-513	15	24	0	310
15:45:00	56700	107	89	0	747	48	37	0	244	31	3	0	716	8	6	0	13	3	23	0	-533	17	20	0	307
15:50:00	57000	130	138	0	739	72	70	0	246	11	9	0	718	8	9	0	12	25	22	0	-530	14	28	0	293
15:55:00	57300	80	125	0	694	45	61	0	230	10	3	0	725	4	4	0	12	6	32	0	-556	15	25	0	283
16:00:00	57600	114	97	0	711	38	47	0	221	14	7	0	732	7	8	0	11	27	19	0	-548	28	16	0	295
16:05:00	57900	107	84	0	734	55	48	0	228	11	3	0	740	2	4	0	9	12	4	0	-540	27	25	0	297
16:10:00	58200	180	110	0	804	67	48	0	247	36	4	0	772	2	7	0	4	62	11	0	-489	13	40	0	270
16:15:00	58500	121	110	0	815	57	52	0	252	13	2	0	783	7	3	0	8	11	24	0	-502	33	29	0	274
16:20:00	58800	111	129	0	797	61	70	0	243	7	7	0	783	6	3	0	11	27	17	0	-492	10	32	0	252
16:25:00	59100	113	96	0	814	57	50	0	250	18	5	0	796	2	6	0	7	18	16	0	-490	18	19	0	251
16:30:00	59400	151	80	0	885	59	44	0	265	9	5	0	800	6	4	0	9	16	7	0	-481	61	20	0	292
16:35:00	59700	140	100	0	925	76	53	0	288	19	6	0	813	8	5	0	12	14	16	0	-483	23	20	0	295
16:40:00	60000	187	126	0	986	114	65	0	337	15	6	0	822	9	9	0	12	16	35	0	-502	33	11	0	317
16:45:00	60300	182	104	0	1064	109	53	0	393	17	3	0	836	9	6	0	15	11	14	0	-505	36	28	0	325
16:50:00	60600	211	184	0	1091	128	64	0	457	23	6	0	853	15	11	0	19	11	84	0	-578	34	19	0	340
16:55:00	60900	196	150	0	1137	132	86	0	503	21	4	0	870	6	13	0	12	8	12	0	-582	29	35	0	334
17:00:00	61200	230	155	0	1212	129	101	0	531	28	11	0	887	7	10	0	9	13	12	0	-581	53	21	0	366
17:05:00	61500	263	182	0	1293	203	127	0	607	24	6	0	905	7	5	0	11	7	23	0	-597	22	21	0	367
17:10:00	61800	292	159	0	1426	205	109	0	703	24	5	0	924	7	8	0	10	8	21	0	-610	48	16	0	399
17:15:00	62100	235	213	0	1448	141	140	0	704	33	9	0	948	6	5	0	11	18	45	0	-637	37	14	0	422
17:20:00	62400	338	210	0	1576	266	162	0	808	18	3	0	963	12	5	0	18	15	19	0	-641	27	21	0	428
17:25:00	62700	295	223	0	1648	206	142	0	872	30	7	0	986	10	9	0	19	16	30	0	-655	33	35	0	426
17:30:00	63000	238	187	0	1699	194	133	0	933	12	4	0	994	8	10	0	17	7	16	0	-664	17	24	0	419
17:35:00	63300	321	218	0	1802	254	160	0	1027	19	10	0	1003	8	4	0	21	6	23	0	-681	34	21	0	432
17:40:00	63600	332	239	0	1895	274	188	0	1113	14	9	0	1008	7	11	0	17	5	17	0	-693	32	14	0	450
17:45:00	63900	314	283	0	1926	254	195	0	1172	7	4	0	1011	11	10	0	18	14	49	0	-728	28	25	0	453
17:50:00	64200	298	284	0	1940	250	228	0	1194	8	4	0	1015	14	14	0	18	13	9	0	-724	13	29	0	437
17:55:00	64500	315	287	0	1968	257	212	0	1239	11	1	0	1025	7	9	0	16	9	39	0	-754	31	26	0	442
18:00:00	64800	318	269	0	2017	230	212	0	1257	11	5	0	1031	33	5	0	44	13	16	0	-757	31	31	0	442
18:05:00	65100	348	246	0	2119	314	188	0	1383	7	3	0	1035	4	7	0	41	8	22	0	-771	15	26	0	431
18:10:00	65400	337	294	0	2162	258	245	0	1396	12	4	0	1043	12	6	0	47	9	19	0	-781	46	20	0	457
18:15:00	65700	283	277	0	2168	239	203	0	1432	4	5	0	1042	4	10	0	41	9	36	0	-808	27	23	0	461
18:20:00	66000	337	320	0	2185	289	236	0	1485	7	4	0	1045	11	30	0	22	10	17	0	-815	20	33	0	448
18:25:00	66300	307	320	0	2172	230	248	0	1467	6	6	0	1045	7	5	0	24	40	33	0	-808	24	28	0	444
18:30:00	66600	252	287	0	2137	202	231	0	1438	8	5	0	1048	6	5	0	25	16	24	0	-816	20	22	0	442
18:35:00	66900	235	316	0	2056	190	208	0	1420	8	1	0	1055	9	8	0	26	16	72	0	-872	12	27	0	427
18:40:00	67200	217	315	0	1958	177	261	0	1336	3	3	0	1055	3	8	0	21	16	21	0	-877	18	22	0	423
18:45:00	67500	331	349	0	1940	256	268	0	1324	7	1	0	1061	9	5	0	25	46	55	0	-886	13	20	0	416
18:50:00	67800	293	301	0	1932	257	237	0	1344	8	4	0	1065	4	10	0	19	8	19	0	-897	16	31	0	401
18:55:00	68100	174	296	0	1810	135	234	0	1245	7	2	0	1070	8	10	0	17	9	27	0	-915	15	23	0	393
19:00:00	68400	201	277	0	1734	163	216	0	1192	8	5	0	1073	5	10	0	12	10	21	0	-926	15	25	0	383
19:05:00	68700	181	280	0	1635	148	206	0	1134	6	4	0	1075	8	6	0	14	10	42	0	-958	9	22	0	370
19:10:00	69000	245	221	0	1659	213	187	0	1160	3	2	0	1076	4	5	0	13	14	18	0	-962	11	9	0	372
19:15:00	69300	303	237	0	1725	282	176	0	1266	4	0	0	1080	0	7	0	6	8	35	0	-989	9	19	0	362
19:20:00	69600	187	248	0	1664	153	213	0	1206	2	3	0	1079	0	1	0	5	19	12	0	-982	13	19	0	356
19:25:00	69900	184	281	0	1567	137	237	0	1106	10	1	0	1088	2	4	0	3	12	21	0	-991	23	18	0	361
19:30:00	70200	172	279	0	1460	140	237	0	1009	5	3	0	1090	3	1	0	5	17	21	0	-995	7	17	0	351
19:35:00	70500	164	201	0	1423	146	162	0	993	1	5	0	1086	3	2	0	6	6	17	0	-1006	8	15	0	344
19:40:00	70800	284	243	0	1464	237	165	0	1065	12	2	0	1096	3	3	0	6	5	57	0	-1058	27	16	0	355
19:45:00	71100	273	190	0	1547	180	153	0	1092	7	6	0	1097	2	2	0	6	63	17	0	-1012	21	12	0	364
19:50:00	71400	124	264	0	1407	90	211	0	971	6	4	0	1099	1	3	0	4	9	31	0	-1034	18	15	0	367
19:55:00	71700	188	240	0	1355	121	201	0	891	4	6	0	1097	8	3	0	9	42	10	0	-1002	13	20	0	360
20:00:00	72000	183	215	0	1323	128	181	0	838	15	3	0	1109	8	5	0	12	12	15	0	-1005	20	11	0	369
20:05:00	72300	208	174	0	1357	169	153	0	854	10	3	0	1116	5	0	0	17	10	9	0	-1004	14	9	0	374
20:10:00	72600	219	182	0	1394	163	149	0	868	13	0	0	1129	4	9	0	12	30	17	0	-991	9	7	0	376
20:15:00	72900	168	194	0	1368	117	167	0	818	2	1	0	1130	6	7	0	11	25	12	0	-978	18	7	0	387
20:20:00	73200	130	178	0	1320	97	161	0	754	6	1	0	1135	2	4	0	9	10	5	0	-973	15	7	0	395
20:25:00	73500	150	149	0	1321	87	129	0	712	9	0	0	1144	30	2	0	37	12	10	0	-971	12	8	0	399
20:30:00	73800	150	204	0	1267	123	120	0	715	8	3	0	1149	5	7	0	35	4	63	0	-1030	10	11	0	398
20:35:00	74100	186	174	0	1279	159	138	0	736	2	0	0	1151	4	4	0	35	10	18	0	-1038	11	14	0	395
20:40:00	74400	124	128	0	1275	96	100	0	732	1	1	0	1151	4	4	0	35	14	16	0	-1040	9	7	0	397
20:45:00	74700	82	197	0	1160	65	142	0	655	6	4	0	1153	2	28	0	9	4	17	0	-1053	5	6	0	396
20:50:00	75000	115	156	0	1119	85	123	0	617	2	5	0	1150	9	5	0	13	9	8	0	-1052	10	15	0	391
20:55:00	75300	94	130	0	1083	70	102	0	585	3	3	0	1150	1	5	0	9	10	11	0	-1053	10	9	0	392
21:00:00	75600	122	164	0	1041	97	94	0	588	3	2	0	1151	3	1	0	11	10	60	0	-1103	9	7	0	394
21:05:00	75900	120	144	0	1017	100	86	0	602	1	2	0	1150	5	2	0	14	5	50	0	-1148	9	4	0	399
21:10:00	76200	63	126	0	954	42	83	0	561	4	2	0	1152	2	7	0	9	10	23	0	-1161	5	11	0	393
21:15:00	76500	84	136	0	902	64	95	0	530	2	0	0	1154	3	2	0	10	10	30	0	-1181	5	9	0	389
21:20:00	76800	76	117	0	861	48	93	0	485	1	0	0	1155	12	4	0	18	8	16	0	-1189	7	4	0	392
21:25:00	77100	61	127	0	795	43	82	0	446	1	0	0	1156	4	9	0	13	10	27	0	-1206	3	9	0	386
21:30:00	77400	77	113	0	759	65	71	0	440	0	1	0	1155	5	4	0	14	7	27	0	-1226	0	10	0	376
21:35:00	77700	47	97	0	709	39	64	0	415	0	2	0	1153	1	3	0	12	7	15	0	-1234	0	13	0	363
21:40:00	78000	34	117	0	626	22	77	0	360	0	3	0	1150	3	10	0	5	9	19	0	-1244	0	8	0	355
21:45:00	78300	48	92	0	582	29	46	0	343	0	2	0	1148	6	3	0	8	13	25	0	-1256	0	16	0	339
21:50:00	78600	38	66	0	554	27	41	0	329	0	1	0	1147	2	1	0	9	9	15	0	-1262	0	8	0	331
21:55:00	78900	65	75	0	544	57	47	0	339	0	1	0	1146	1	2	0	8	7	20	0	-1275	0	5	0	326
22:00:00	79200	48	80	0	512	34	56	0	317	0	0	0	1146	3	1	0	10	11	17	0	-1281	0	6	0	320
22:05:00	79500	20	81	0	451	10	55	0	272	0	1	0	1145	3	2	0	11	7	15	0	-1289	0	8	0	312
22:10:00	79800	32	67	0	416	22	39	0	255	0	0	0	1145	2	8	0	5	8	14	0	-1295	0	6	0	306
22:15:00	80100	19	48	0	387	12	21	0	246	0	1	0	1144	4	3	0	6	3	22	0	-1314	0	1	0	305
22:20:00	80400	22	43	0	366	15	22	0	239	0	0	0	1144	3	3	0	6	4	14	0	-1324	0	4	0	301
22:25:00	80700	37	52	0	351	28	31	0	236	0	0	0	1144	3	2	0	7	6	17	0	-1335	0	2	0	299
22:30:00	81000	13	34	0	330	7	26	0	217	0	0	0	1144	2	3	0	6	4	2	0	-1333	0	3	0	296
22:35:00	81300	30	52	0	308	18	34	0	201	0	0	0	1144	1	4	0	3	11	10	0	-1332	0	4	0	292
22:40:00	81600	18	44	0	282	12	28	0	185	0	0	0	1144	2	1	0	4	4	12	0	-1340	0	3	0	289
22:45:00	81900	12	42	0	252	8	25	0	168	0	0	0	1144	1	1	0	4	3	16	0	-1353	0	0	0	289
22:50:00	82200	21	52	0	221	16	22	0	162	0	0	0	1144	1	1	0	4	4	29	0	-1378	0	0	0	289
22:55:00	82500	12	43	0	190	7	29	0	140	0	0	0	1144	3	2	0	5	2	12	0	-1388	0	0	0	289
23:00:00	82800	14	37	0	167	7	26	0	121	0	0	0	1144	2	3	0	4	5	8	0	-1391	0	0	0	289
23:05:00	83100	10	24	0	153	2	16	0	107	0	0	0	1144	3	1	0	6	5	7	0	-1393	0	0	0	289
23:10:00	83400	7	21	0	139	1	13	0	95	0	0	0	1144	0	3	0	3	6	5	0	-1392	0	0	0	289
23:15:00	83700	6	16	0	129	5	11	0	89	0	0	0	1144	1	0	0	4	0	5	0	-1397	0	0	0	289
23:20:00	84000	6	18	0	117	6	9	0	86	0	0	0	1144	0	2	0	2	0	7	0	-1404	0	0	0	289
23:25:00	84300	3	15	0	105	0	8	0	78	0	0	0	1144	0	1	0	1	3	6	0	-1407	0	0	0	289
23:30:00	84600	12	20	0	97	9	11	0	76	0	0	0	1144	0	1	0	0	3	8	0	-1412	0	0	0	289
23:35:00	84900	11	16	0	92	5	9	0	72	0	0	0	1144	3	0	0	3	3	7	0	-1416	0	0	0	289
23:40:00	85200	8	16	0	84	3	13	0	62	0	0	0	1144	2	0	0	5	3	3	0	-1416	0	0	0	289
23:45:00	85500	4	15	0	73	4	12	0	54	0	0	0	1144	0	1	0	4	0	2	0	-1418	0	0	0	289
23:50:00	85800	3	15	0	61	0	14	0	40	0	0	0	1144	0	1	0	3	3	0	0	-1415	0	0	0	289
23:55:00	86100	2	8	0	55	1	6	0	35	0	0	0	1144	0	0	0	3	1	2	0	-1416	0	0	0	289
24:00:00	86400	37	15	0	77	16	7	0	44	0	0	0	1144	5	3	0	5	16	5	0	-1405	0	0	0	289
24:05:00	86700	0	15	0	62	0	9	0	35	0	0	0	1144	0	1	0	4	0	5	0	-1410	0	0	0	289
24:10:00	87000	0	9	0	53	0	8	0	27	0	0	0	1144	0	0	0	4	0	1	0	-1411	0	0	0	289
24:15:00	87300	0	3	0	50	0	2	0	25	0	0	0	1144	0	0	0	4	0	1	0	-1412	0	0	0	289
24:20:00	87600	0	12	0	38	0	6	0	19	0	0	0	1144	0	0	0	4	0	6	0	-1418	0	0	0	289
24:25:00	87900	0	12	0	26	0	3	0	16	0	0	0	1144	0	3	0	1	0	6	0	-1424	0	0	0	289
24:30:00	88200	0	5	0	21	0	1	0	15	0	0	0	1144	0	0	0	1	0	4	0	-1428	0	0	0	289
24:35:00	88500	0	6	0	15	0	4	0	11	0	0	0	1144	0	0	0	1	0	2	0	-1430	0	0	0	289
24:40:00	88800	0	4	0	11	0	3	0	8	0	0	0	1144	0	1	0	0	0	0	0	-1430	0	0	0	289
24:45:00	89100	0	0	0	11	0	0	0	8	0	0	0	1144	0	0	0	0	0	0	0	-1430	0	0	0	289
24:50:00	89400	0	0	0	11	0	0	0	8	0	0	0	1144	0	0	0	0	0	0	0	-1430	0	0	0	289
24:55:00	89700	0	0	0	11	0	0	0	8	0	0	0	1144	0	0	0	0	0	0	0	-1430	0	0	0	289
25:00:00	90000	0	3	0	8	0	1	0	7	0	0	0	1144	0	0	0	0	0	2	0	-1432	0	0	0	289
25:05:00	90300	0	3	0	5	0	2	0	5	0	0	0	1144	0	0	0	0	0	1	0	-1433	0	0	0	289
25:10:00	90600	0	2	0	3	0	2	0	3	0	0	0	1144	0	0	0	0	0	0	0	-1433	0	0	0	289
25:15:00	90900	0	0	0	3	0	0	0	3	0	0	0	1144	0	0	0	0	0	0	0	-1433	0	0	0	289
25:20:00	91200	0	0	0	3	0	0	0	3	0	0	0	1144	0	0	0	0	0	0	0	-1433	0	0	0	289
25:25:00	91500	0	0	0	3	0	0	0	3	0	0	0	1144	0	0	0	0	0	0	0	-1433	0	0	0	289
25:30:00	91800	0	2	0	1	0	2	0	1	0	0	0	1144	0	0	0	0	0	0	0	-1433	0	0	0	289
25:35:00	92100	0	0	0	1	0	0	0	1	0	0	0	1144	0	0	0	0	0	0	0	-1433	0	0	0	289
25:40:00	92400	0	1	0	0	0	1	0	0	0	0	0	1144	0	0	0	0	0	0	0	-1433	0	0	0	289
25:45:00	92700	0	0	0	0	0	0	0	0	0	0	0	1144	0	0	0	0	0	0	0	-1433	0	0	0	289
25:50:00	93000	0	0	0	0	0	0	0	0	0	0	0	1144	0	0	0	0	0	0	0	-1433	0	0	0	289
25:55:00	93300	0	0	0	0	0	0	0	0	0	0	0	1144	0	0	0	0	0	0	0	-1433	0	0	0	289
26:00:00	93600	0	0	0	0	0	0	0	0	0	0	0	1144	0	0	0	0	0	0	0	-1433	0	0	0	289
26:05:00	93900	0	0	0	0	0	0	0	0	0	0	0	1144	0	0	0	0	0	0	0	-1433	0	0	0	289
26:10:00	94200	0	0	0	0	0	0	0	0	0	0	0	1144	0	0	0	0	0	0	0	-1433	0	0	0	289
26:15:00	94500	0	0	0	0	0	0	0	0	0	0	0	1144	0	0	0	0	0	0	0	-1433	0	0	0	289
26:20:00	94800	0	0	0	0	0	0	0	0	0	0	0	1144	0	0	0	0	0	0	0	-1433	0	0	0	289
26:25:00	95100	0	0	0	0	0	0	0	0	0	0	0	1144	0	0	0	0	0	0	0	-1433	0	0	0	289
26:30:00	95400	0	0	0	0	0	0	0	0	0	0	0	1144	0	0	0	0	0	0	0	-1433	0	0	0	289
26:35:00	95700	0	0	0	0	0	0	0	0	0	0	0	1144	0	0	0	0	0	0	0	-1433	0	0	0	289
26:40:00	96000	0	0	0	0	0	0	0	0	0	0	0	1144	0	0	0	0	0	0	0	-1433	0	0	0	289
26:45:00	96300	0	0	0	0	0	0	0	0	0	0	0	1144	0	0	0	0	0	0	0	-1433	0	0	0	289
26:50:00	96600	0	0	0	0	0	0	0	0	0	0	0	1144	0	0	0	0	0	0	0	-1433	0	0	0	289
26:55:00	96900	0	0	0	0	0	0	0	0	0	0	0	1144	0	0	0	0	0	0	0	-1433	0	0	0	289
27:00:00	97200	0	0	0	0	0	0	0	0	0	0	0	1144	0	0	0	0	0	0	0	-1433	0	0	0	289
27:05:00	97500	0	0	0	0	0	0	0	0	0	0	0	1144	0	0	0	0	0	0	0	-1433	0	0	0	289
27:10:00	97800	0	0	0	0	0	0	0	0	0	0	0	1144	0	0	0	0	0	0	0	-1433	0	0	0	289
27:15:00	98100	0	0	0	0	0	0	0	0	0	0	0	1144	0	0	0	0	0	0	0	-1433	0	0	0	289
27:20:00	98400	0	0	0	0	0	0	0	0	0	0	0	1144	0	0	0	0	0	0	0	-1433	0	0	0	289
27:25:00	98700	0	0	0	0	0	0	0	0	0	0	0	1144	0	0	0	0	0	0	0	-1433	0	0	0	289
27:30:00	99000	0	0	0	0	0	0	0	0	0	0	0	1144	0	0	0	0	0	0	0	-1433	0	0	0	289
27:35:00	99300	0	0	0	0	0	0	0	0	0	0	0	1144	0	0	0	0	0	0	0	-1433	0	0	0	289
27:40:00	99600	0	0	0	0	0	0	0	0	0	0	0	1144	0	0	0	0	0	0	0	-1433	0	0	0	289
27:45:00	99900	0	0	0	0	0	0	0	0	0	0	0	1144	0	0	0	0	0	0	0	-1433	0	0	0	289
27:50:00	100200	0	0	0	0	0	0	0	0	0	0	0	1144	0	0	0	0	0	0	0	-1433	0	0	0	289
27:55:00	100500	0	0	0	0	0	0	0	0	0	0	0	1144	0	0	0	0	0	0	0	-1433	0	0	0	289
28:00:00	100800	0	0	0	0	0	0	0	0	0	0	0	1144	0	0	0	0	0	0	0	-1433	0	0	0	289
28:05:00	101100	0	0	0	0	0	0	0	0	0	0	0	1144	0	0	0	0	0	0	0	-1433	0	0	0	289
28:10:00	101400	0	0	0	0	0	0	0	0	0	0	0	1144	0	0	0	0	0	0	0	-1433	0	0	0	289
28:15:00	101700	0	0	0	0	0	0	0	0	0	0	0	1144	0	0	0	0	0	0	0	-1433	0	0	0	289
28:20:00	102000	0	0	0	0	0	0	0	0	0	0	0	1144	0	0	0	0	0	0	0	-1433	0	0	0	289
28:25:00	102300	0	0	0	0	0	0	0	0	0	0	0	1144	0	0	0	0	0	0	0	-1433	0	0	0	289
28:30:00	102600	0	0	0	0	0	0	0	0	0	0	0	1144	0	0	0	0	0	0	0	-1433	0	0	0	289
28:35:00	102900	0	0	0	0	0	0	0	0	0	0	0	1144	0	0	0	0	0	0	0	-1433	0	0	0	289
28:40:00	103200	0	0	0	0	0	0	0	0	0	0	0	1144	0	0	0	0	0	0	0	-1433	0	0	0	289
28:45:00	103500	0	0	0	0	0	0	0	0	0	0	0	1144	0	0	0	0	0	0	0	-1433	0	0	0	289
28:50:00	103800	0	0	0	0	0	0	0	0	0	0	0	1144	0	0	0	0	0	0	0	-1433	0	0	0	289
28:55:00	104100	0	0	0	0	0	0	0	0	0	0	0	1144	0	0	0	0	0	0	0	-1433	0	0	0	289
29:00:00	104400	0	0	0	0	0	0	0	0	0	0	0	1144	0	0	0	0	0	0	0	-1433	0	0	0	289
29:05:00	104700	0	0	0	0	0	0	0	0	0	0	0	1144	0	0	0	0	0	0	0	-1433	0	0	0	289
29:10:00	105000	0	0	0	0	0	0	0	0	0	0	0	1144	0	0	0	0	0	0	0	-1433	0	0	0	289
29:15:00	105300	0	0	0	0	0	0	0	0	0	0	0	1144	0	0	0	0	0	0	0	-1433	0	0	0	289
29:20:00	105600	0	0	0	0	0	0	0	0	0	0	0	1144	0	0	0	0	0	0	0	-1433	0	0	0	289
29:25:00	105900	0	0	0	0	0	0	0	0	0	0	0	1144	0	0	0	0	0	0	0	-1433	0	0	0	289
29:30:00	106200	0	0	0	0	0	0	0	0	0	0	0	1144	0	0	0	0	0	0	0	-1433	0	0	0	289
29:35:00	106500	0	0	0	0	0	0	0	0	0	0	0	1144	0	0	0	0	0	0	0	-1433	0	0	0	289
29:40:00	106800	0	0	0	0	0	0	0	0	0	0	0	1144	0	0	0	0	0	0	0	-1433	0	0	0	289
29:45:00	107100	0	0	0	0	0	0	0	0	0	0	0	1144	0	0	0	0	0	0	0	-1433	0	0	0	289
29:50:00	107400	0	0	0	0	0	0	0	0	0	0	0	1144	0	0	0	0	0	0	0	-1433	0	0	0	289
29:55:00	107700	0	0	0	0	0	0	0	0	0	0	0	1144	0	0	0	0	0	0	0	-1433	0	0	0	289
30:00:00	108000	0	0	0	0	0	0	0	0	0	0	0	1144	0	0	0	0	0	0	0	-1433	0	0	0	289
30:05:00	108300	0	0	0	0	0	0	0	0	0	0	0	1144	0	0	0	0	0	0	0	-1433	0	0	0	289
