time	time	departures_all	arrivals_all	stuck_all	en-route_all	departures_car	arrivals_car	stuck_car	en-route_car	departures_drive_transit	arrivals_drive_transit	stuck_drive_transit	en-route_drive_transit	departures_ride_hail	arrivals_ride_hail	stuck_ride_hail	en-route_ride_hail	departures_walk	arrivals_walk	stuck_walk	en-route_walk	departures_walk_transit	arrivals_walk_transit	stuck_walk_transit	en-route_walk_transit
00:00:00	0	0	0	0	0	0	0	0	0	0	0	0	0	0	0	0	0	0	0	0	0	0	0	0	0
00:05:00	300	0	0	0	0	0	0	0	0	0	0	0	0	0	0	0	0	0	0	0	0	0	0	0	0
00:10:00	600	0	0	0	0	0	0	0	0	0	0	0	0	0	0	0	0	0	0	0	0	0	0	0	0
00:15:00	900	0	0	0	0	0	0	0	0	0	0	0	0	0	0	0	0	0	0	0	0	0	0	0	0
00:20:00	1200	0	0	0	0	0	0	0	0	0	0	0	0	0	0	0	0	0	0	0	0	0	0	0	0
00:25:00	1500	0	0	0	0	0	0	0	0	0	0	0	0	0	0	0	0	0	0	0	0	0	0	0	0
00:30:00	1800	0	0	0	0	0	0	0	0	0	0	0	0	0	0	0	0	0	0	0	0	0	0	0	0
00:35:00	2100	0	0	0	0	0	0	0	0	0	0	0	0	0	0	0	0	0	0	0	0	0	0	0	0
00:40:00	2400	0	0	0	0	0	0	0	0	0	0	0	0	0	0	0	0	0	0	0	0	0	0	0	0
00:45:00	2700	0	0	0	0	0	0	0	0	0	0	0	0	0	0	0	0	0	0	0	0	0	0	0	0
00:50:00	3000	0	0	0	0	0	0	0	0	0	0	0	0	0	0	0	0	0	0	0	0	0	0	0	0
00:55:00	3300	0	0	0	0	0	0	0	0	0	0	0	0	0	0	0	0	0	0	0	0	0	0	0	0
01:00:00	3600	0	0	0	0	0	0	0	0	0	0	0	0	0	0	0	0	0	0	0	0	0	0	0	0
01:05:00	3900	0	0	0	0	0	0	0	0	0	0	0	0	0	0	0	0	0	0	0	0	0	0	0	0
01:10:00	4200	0	0	0	0	0	0	0	0	0	0	0	0	0	0	0	0	0	0	0	0	0	0	0	0
01:15:00	4500	0	0	0	0	0	0	0	0	0	0	0	0	0	0	0	0	0	0	0	0	0	0	0	0
01:20:00	4800	0	0	0	0	0	0	0	0	0	0	0	0	0	0	0	0	0	0	0	0	0	0	0	0
01:25:00	5100	0	0	0	0	0	0	0	0	0	0	0	0	0	0	0	0	0	0	0	0	0	0	0	0
01:30:00	5400	0	0	0	0	0	0	0	0	0	0	0	0	0	0	0	0	0	0	0	0	0	0	0	0
01:35:00	5700	0	0	0	0	0	0	0	0	0	0	0	0	0	0	0	0	0	0	0	0	0	0	0	0
01:40:00	6000	0	0	0	0	0	0	0	0	0	0	0	0	0	0	0	0	0	0	0	0	0	0	0	0
01:45:00	6300	0	0	0	0	0	0	0	0	0	0	0	0	0	0	0	0	0	0	0	0	0	0	0	0
01:50:00	6600	0	0	0	0	0	0	0	0	0	0	0	0	0	0	0	0	0	0	0	0	0	0	0	0
01:55:00	6900	0	0	0	0	0	0	0	0	0	0	0	0	0	0	0	0	0	0	0	0	0	0	0	0
02:00:00	7200	0	0	0	0	0	0	0	0	0	0	0	0	0	0	0	0	0	0	0	0	0	0	0	0
02:05:00	7500	0	0	0	0	0	0	0	0	0	0	0	0	0	0	0	0	0	0	0	0	0	0	0	0
02:10:00	7800	0	0	0	0	0	0	0	0	0	0	0	0	0	0	0	0	0	0	0	0	0	0	0	0
02:15:00	8100	0	0	0	0	0	0	0	0	0	0	0	0	0	0	0	0	0	0	0	0	0	0	0	0
02:20:00	8400	0	0	0	0	0	0	0	0	0	0	0	0	0	0	0	0	0	0	0	0	0	0	0	0
02:25:00	8700	0	0	0	0	0	0	0	0	0	0	0	0	0	0	0	0	0	0	0	0	0	0	0	0
02:30:00	9000	0	0	0	0	0	0	0	0	0	0	0	0	0	0	0	0	0	0	0	0	0	0	0	0
02:35:00	9300	0	0	0	0	0	0	0	0	0	0	0	0	0	0	0	0	0	0	0	0	0	0	0	0
02:40:00	9600	0	0	0	0	0	0	0	0	0	0	0	0	0	0	0	0	0	0	0	0	0	0	0	0
02:45:00	9900	0	0	0	0	0	0	0	0	0	0	0	0	0	0	0	0	0	0	0	0	0	0	0	0
02:50:00	10200	0	0	0	0	0	0	0	0	0	0	0	0	0	0	0	0	0	0	0	0	0	0	0	0
02:55:00	10500	0	0	0	0	0	0	0	0	0	0	0	0	0	0	0	0	0	0	0	0	0	0	0	0
03:00:00	10800	0	0	0	0	0	0	0	0	0	0	0	0	0	0	0	0	0	0	0	0	0	0	0	0
03:05:00	11100	0	0	0	0	0	0	0	0	0	0	0	0	0	0	0	0	0	0	0	0	0	0	0	0
03:10:00	11400	0	0	0	0	0	0	0	0	0	0	0	0	0	0	0	0	0	0	0	0	0	0	0	0
03:15:00	11700	0	0	0	0	0	0	0	0	0	0	0	0	0	0	0	0	0	0	0	0	0	0	0	0
03:20:00	12000	0	0	0	0	0	0	0	0	0	0	0	0	0	0	0	0	0	0	0	0	0	0	0	0
03:25:00	12300	0	0	0	0	0	0	0	0	0	0	0	0	0	0	0	0	0	0	0	0	0	0	0	0
03:30:00	12600	0	0	0	0	0	0	0	0	0	0	0	0	0	0	0	0	0	0	0	0	0	0	0	0
03:35:00	12900	0	0	0	0	0	0	0	0	0	0	0	0	0	0	0	0	0	0	0	0	0	0	0	0
03:40:00	13200	0	0	0	0	0	0	0	0	0	0	0	0	0	0	0	0	0	0	0	0	0	0	0	0
03:45:00	13500	0	0	0	0	0	0	0	0	0	0	0	0	0	0	0	0	0	0	0	0	0	0	0	0
03:50:00	13800	0	0	0	0	0	0	0	0	0	0	0	0	0	0	0	0	0	0	0	0	0	0	0	0
03:55:00	14100	0	0	0	0	0	0	0	0	0	0	0	0	0	0	0	0	0	0	0	0	0	0	0	0
04:00:00	14400	0	0	0	0	0	0	0	0	0	0	0	0	0	0	0	0	0	0	0	0	0	0	0	0
04:05:00	14700	0	0	0	0	0	0	0	0	0	0	0	0	0	0	0	0	0	0	0	0	0	0	0	0
04:10:00	15000	0	0	0	0	0	0	0	0	0	0	0	0	0	0	0	0	0	0	0	0	0	0	0	0
04:15:00	15300	0	0	0	0	0	0	0	0	0	0	0	0	0	0	0	0	0	0	0	0	0	0	0	0
04:20:00	15600	0	0	0	0	0	0	0	0	0	0	0	0	0	0	0	0	0	0	0	0	0	0	0	0
04:25:00	15900	0	0	0	0	0	0	0	0	0	0	0	0	0	0	0	0	0	0	0	0	0	0	0	0
04:30:00	16200	0	0	0	0	0	0	0	0	0	0	0	0	0	0	0	0	0	0	0	0	0	0	0	0
04:35:00	16500	0	0	0	0	0	0	0	0	0	0	0	0	0	0	0	0	0	0	0	0	0	0	0	0
04:40:00	16800	0	0	0	0	0	0	0	0	0	0	0	0	0	0	0	0	0	0	0	0	0	0	0	0
04:45:00	17100	0	0	0	0	0	0	0	0	0	0	0	0	0	0	0	0	0	0	0	0	0	0	0	0
04:50:00	17400	0	0	0	0	0	0	0	0	0	0	0	0	0	0	0	0	0	0	0	0	0	0	0	0
04:55:00	17700	0	0	0	0	0	0	0	0	0	0	0	0	0	0	0	0	0	0	0	0	0	0	0	0
05:00:00	18000	0	0	0	0	0	0	0	0	0	0	0	0	0	0	0	0	0	0	0	0	0	0	0	0
05:05:00	18300	0	0	0	0	0	0	0	0	0	0	0	0	0	0	0	0	0	0	0	0	0	0	0	0
05:10:00	18600	0	0	0	0	0	0	0	0	0	0	0	0	0	0	0	0	0	0	0	0	0	0	0	0
05:15:00	18900	0	0	0	0	0	0	0	0	0	0	0	0	0	0	0	0	0	0	0	0	0	0	0	0
05:20:00	19200	0	0	0	0	0	0	0	0	0	0	0	0	0	0	0	0	0	0	0	0	0	0	0	0
05:25:00	19500	0	0	0	0	0	0	0	0	0	0	0	0	0	0	0	0	0	0	0	0	0	0	0	0
05:30:00	19800	0	0	0	0	0	0	0	0	0	0	0	0	0	0	0	0	0	0	0	0	0	0	0	0
05:35:00	20100	0	0	0	0	0	0	0	0	0	0	0	0	0	0	0	0	0	0	0	0	0	0	0	0
05:40:00	20400	0	0	0	0	0	0	0	0	0	0	0	0	0	0	0	0	0	0	0	0	0	0	0	0
05:45:00	20700	0	0	0	0	0	0	0	0	0	0	0	0	0	0	0	0	0	0	0	0	0	0	0	0
05:50:00	21000	0	0	0	0	0	0	0	0	0	0	0	0	0	0	0	0	0	0	0	0	0	0	0	0
05:55:00	21300	0	0	0	0	0	0	0	0	0	0	0	0	0	0	0	0	0	0	0	0	0	0	0	0
06:00:00	21600	0	0	0	0	0	0	0	0	0	0	0	0	0	0	0	0	0	0	0	0	0	0	0	0
06:05:00	21900	0	0	0	0	0	0	0	0	0	0	0	0	0	0	0	0	0	0	0	0	0	0	0	0
06:10:00	22200	0	0	0	0	0	0	0	0	0	0	0	0	0	0	0	0	0	0	0	0	0	0	0	0
06:15:00	22500	0	0	0	0	0	0	0	0	0	0	0	0	0	0	0	0	0	0	0	0	0	0	0	0
06:20:00	22800	0	0	0	0	0	0	0	0	0	0	0	0	0	0	0	0	0	0	0	0	0	0	0	0
06:25:00	23100	0	0	0	0	0	0	0	0	0	0	0	0	0	0	0	0	0	0	0	0	0	0	0	0
06:30:00	23400	0	0	0	0	0	0	0	0	0	0	0	0	0	0	0	0	0	0	0	0	0	0	0	0
06:35:00	23700	1	0	0	1	1	0	0	1	0	0	0	0	0	0	0	0	0	0	0	0	0	0	0	0
06:40:00	24000	1	0	0	2	1	0	0	2	0	0	0	0	0	0	0	0	0	0	0	0	0	0	0	0
06:45:00	24300	0	0	0	2	0	0	0	2	0	0	0	0	0	0	0	0	0	0	0	0	0	0	0	0
06:50:00	24600	0	1	0	1	0	1	0	1	0	0	0	0	0	0	0	0	0	0	0	0	0	0	0	0
06:55:00	24900	1	1	0	1	1	1	0	1	0	0	0	0	0	0	0	0	0	0	0	0	0	0	0	0
07:00:00	25200	0	0	0	1	0	0	0	1	0	0	0	0	0	0	0	0	0	0	0	0	0	0	0	0
07:05:00	25500	5	0	0	6	5	0	0	6	0	0	0	0	0	0	0	0	0	0	0	0	0	0	0	0
07:10:00	25800	5	0	0	11	5	0	0	11	0	0	0	0	0	0	0	0	0	0	0	0	0	0	0	0
07:15:00	26100	18	1	0	28	18	1	0	28	0	0	0	0	0	0	0	0	0	0	0	0	0	0	0	0
07:20:00	26400	24	4	0	48	24	4	0	48	0	0	0	0	0	0	0	0	0	0	0	0	0	0	0	0
07:25:00	26700	36	5	0	79	36	5	0	79	0	0	0	0	0	0	0	0	0	0	0	0	0	0	0	0
07:30:00	27000	59	15	0	123	59	15	0	123	0	0	0	0	0	0	0	0	0	0	0	0	0	0	0	0
07:35:00	27300	72	19	0	176	72	19	0	176	0	0	0	0	0	0	0	0	0	0	0	0	0	0	0	0
07:40:00	27600	97	28	0	245	97	28	0	245	0	0	0	0	0	0	0	0	0	0	0	0	0	0	0	0
07:45:00	27900	125	39	0	331	124	39	0	330	0	0	0	0	1	0	0	1	0	0	0	0	0	0	0	0
07:50:00	28200	158	35	0	454	156	35	0	451	1	0	0	1	1	0	0	2	0	0	0	0	0	0	0	0
07:55:00	28500	257	57	0	654	253	57	0	647	0	0	0	1	4	0	0	6	0	0	0	0	0	0	0	0
08:00:00	28800	279	80	0	853	274	77	0	844	0	0	0	1	2	3	0	5	1	0	0	1	2	0	0	2
08:05:00	29100	388	109	0	1132	386	108	0	1122	0	0	0	1	2	1	0	6	0	0	0	1	0	0	0	2
08:10:00	29400	387	121	0	1398	381	119	0	1384	0	0	0	1	2	2	0	6	4	0	0	5	0	0	0	2
08:15:00	29700	450	134	0	1714	441	129	0	1696	2	0	0	3	1	5	0	2	5	0	0	10	1	0	0	3
08:20:00	30000	391	157	0	1948	383	155	0	1924	2	0	0	5	0	0	0	2	5	0	0	15	1	2	0	2
08:25:00	30300	440	181	0	2207	429	180	0	2173	0	0	0	5	0	1	0	1	8	0	0	23	3	0	0	5
08:30:00	30600	416	193	0	2430	409	193	0	2389	0	0	0	5	1	0	0	2	5	0	0	28	1	0	0	6
08:35:00	30900	485	186	0	2729	464	183	0	2670	0	0	0	5	1	1	0	2	15	2	0	41	5	0	0	11
08:40:00	31200	477	232	0	2974	459	229	0	2900	0	0	0	5	3	1	0	4	13	0	0	54	2	2	0	11
08:45:00	31500	395	229	0	3140	388	220	0	3068	0	1	0	4	0	2	0	2	7	1	0	60	0	5	0	6
08:50:00	31800	374	228	0	3286	364	220	0	3212	0	0	0	4	2	0	0	4	7	4	0	63	1	4	0	3
08:55:00	32100	336	234	0	3388	319	226	0	3305	0	0	0	4	1	1	0	4	15	6	0	72	1	1	0	3
09:00:00	32400	329	257	0	3460	312	250	0	3367	2	0	0	6	0	1	0	3	15	6	0	81	0	0	0	3
09:05:00	32700	297	217	0	3540	292	210	0	3449	0	0	0	6	0	2	0	1	5	5	0	81	0	0	0	3
09:10:00	33000	289	232	0	3597	278	219	0	3508	1	0	0	7	0	1	0	0	9	12	0	78	1	0	0	4
09:15:00	33300	226	252	0	3571	216	247	0	3477	0	0	0	7	0	0	0	0	9	5	0	82	1	0	0	5
09:20:00	33600	225	245	0	3551	220	230	0	3467	0	0	0	7	0	0	0	0	5	15	0	72	0	0	0	5
09:25:00	33900	202	258	0	3495	196	250	0	3413	0	0	0	7	0	0	0	0	6	8	0	70	0	0	0	5
09:30:00	34200	178	232	0	3441	167	219	0	3361	0	0	0	7	1	1	0	0	9	12	0	67	1	0	0	6
09:35:00	34500	138	245	0	3334	132	237	0	3256	0	0	0	7	0	0	0	0	6	8	0	65	0	0	0	6
09:40:00	34800	120	208	0	3246	113	200	0	3169	0	0	0	7	1	0	0	1	5	8	0	62	1	0	0	7
09:45:00	35100	118	242	0	3122	110	226	0	3053	0	0	0	7	1	0	0	2	7	16	0	53	0	0	0	7
09:50:00	35400	107	238	0	2991	96	229	0	2920	2	0	0	9	0	1	0	1	8	8	0	53	1	0	0	8
09:55:00	35700	81	208	0	2864	77	194	0	2803	0	0	0	9	0	0	0	1	4	14	0	43	0	0	0	8
10:00:00	36000	79	213	0	2730	73	200	0	2676	0	0	0	9	1	0	0	2	5	13	0	35	0	0	0	8
10:05:00	36300	62	234	0	2558	57	219	0	2514	1	1	0	9	1	1	0	2	3	9	0	29	0	4	0	4
10:10:00	36600	64	229	0	2393	58	215	0	2357	0	0	0	9	0	0	0	2	6	12	0	23	0	2	0	2
10:15:00	36900	29	206	0	2216	28	198	0	2187	0	0	0	9	0	0	0	2	1	7	0	17	0	1	0	1
10:20:00	37200	47	213	0	2050	42	201	0	2028	0	0	0	9	1	0	0	3	3	10	0	10	1	2	0	0
10:25:00	37500	28	190	0	1888	25	186	0	1867	0	0	0	9	0	1	0	2	3	3	0	10	0	0	0	0
10:30:00	37800	43	155	0	1776	38	152	0	1753	0	0	0	9	0	0	0	2	4	3	0	11	1	0	0	1
10:35:00	38100	39	199	0	1616	32	191	0	1594	1	0	0	10	2	1	0	3	3	6	0	8	1	1	0	1
10:40:00	38400	27	174	0	1469	23	169	0	1448	0	0	0	10	0	0	0	3	3	4	0	7	1	1	0	1
10:45:00	38700	32	139	0	1362	29	135	0	1342	0	0	0	10	0	0	0	3	3	3	0	7	0	1	0	0
10:50:00	39000	32	151	0	1243	27	144	0	1225	0	0	0	10	0	2	0	1	4	3	0	8	1	2	0	-1
10:55:00	39300	40	116	0	1167	35	112	0	1148	0	0	0	10	3	1	0	3	2	2	0	8	0	1	0	-2
11:00:00	39600	55	129	0	1093	43	122	0	1069	0	0	0	10	4	3	0	4	6	4	0	10	2	0	0	0
11:05:00	39900	34	134	0	993	30	129	0	970	0	0	0	10	1	2	0	3	2	3	0	9	1	0	0	1
11:10:00	40200	40	101	0	932	37	94	0	913	0	0	0	10	0	1	0	2	3	3	0	9	0	3	0	-2
11:15:00	40500	38	122	0	848	33	119	0	827	0	0	0	10	1	0	0	3	3	3	0	9	1	0	0	-1
11:20:00	40800	64	101	0	811	58	96	0	789	0	0	0	10	2	2	0	3	4	3	0	10	0	0	0	-1
11:25:00	41100	27	68	0	770	22	66	0	745	0	0	0	10	2	0	0	5	1	2	0	9	2	0	0	1
11:30:00	41400	42	69	0	743	38	65	0	718	0	0	0	10	1	2	0	4	1	1	0	9	2	1	0	2
11:35:00	41700	37	68	0	712	34	64	0	688	0	0	0	10	0	1	0	3	1	3	0	7	2	0	0	4
11:40:00	42000	40	86	0	666	32	82	0	638	1	0	0	11	1	1	0	3	4	3	0	8	2	0	0	6
11:45:00	42300	56	58	0	664	55	56	0	637	0	0	0	11	0	1	0	2	1	1	0	8	0	0	0	6
11:50:00	42600	64	62	0	666	52	57	0	632	0	0	0	11	1	1	0	2	7	4	0	11	4	0	0	10
11:55:00	42900	61	64	0	663	57	63	0	626	0	0	0	11	0	0	0	2	2	1	0	12	2	0	0	12
12:00:00	43200	37	68	0	632	28	63	0	591	1	0	0	12	2	1	0	3	2	3	0	11	4	1	0	15
12:05:00	43500	46	59	0	619	40	54	0	577	0	0	0	12	1	0	0	4	1	1	0	11	4	4	0	15
12:10:00	43800	58	44	0	633	45	35	0	587	0	0	0	12	0	0	0	4	9	4	0	16	4	5	0	14
12:15:00	44100	49	63	0	619	41	57	0	571	0	0	0	12	3	3	0	4	3	2	0	17	2	1	0	15
12:20:00	44400	40	51	0	608	34	43	0	562	0	0	0	12	0	0	0	4	4	1	0	20	2	7	0	10
12:25:00	44700	58	64	0	602	44	55	0	551	0	0	0	12	0	1	0	3	2	5	0	17	12	3	0	19
12:30:00	45000	48	50	0	600	39	44	0	546	0	0	0	12	5	2	0	6	1	2	0	16	3	2	0	20
12:35:00	45300	74	48	0	626	57	39	0	564	0	0	0	12	3	2	0	7	12	6	0	22	2	1	0	21
12:40:00	45600	65	48	0	643	59	38	0	585	0	0	0	12	3	2	0	8	1	4	0	19	2	4	0	19
12:45:00	45900	60	52	0	651	53	46	0	592	0	0	0	12	0	2	0	6	3	2	0	20	4	2	0	21
12:50:00	46200	71	61	0	661	59	48	0	603	0	0	0	12	3	1	0	8	7	3	0	24	2	9	0	14
12:55:00	46500	55	77	0	639	47	70	0	580	0	0	0	12	2	1	0	9	2	3	0	23	4	3	0	15
13:00:00	46800	55	60	0	634	35	51	0	564	0	0	0	12	4	4	0	9	4	4	0	23	12	1	0	26
13:05:00	47100	71	67	0	638	58	57	0	565	1	0	0	13	2	4	0	7	5	3	0	25	5	3	0	28
13:10:00	47400	66	72	0	632	48	61	0	552	0	0	0	13	4	3	0	8	8	4	0	29	6	4	0	30
13:15:00	47700	83	69	0	646	73	58	0	567	0	0	0	13	1	2	0	7	6	7	0	28	3	2	0	31
13:20:00	48000	52	51	0	647	35	43	0	559	1	0	0	14	3	2	0	8	6	5	0	29	7	1	0	37
13:25:00	48300	80	61	0	666	56	53	0	562	0	0	0	14	5	3	0	10	6	5	0	30	13	0	0	50
13:30:00	48600	57	64	0	659	42	57	0	547	0	0	0	14	4	2	0	12	5	4	0	31	6	1	0	55
13:35:00	48900	63	51	0	671	50	47	0	550	0	0	0	14	0	3	0	9	6	1	0	36	7	0	0	62
13:40:00	49200	95	57	0	709	69	47	0	572	0	0	0	14	2	4	0	7	10	6	0	40	14	0	0	76
13:45:00	49500	73	48	0	734	47	45	0	574	0	0	0	14	4	0	0	11	13	3	0	50	9	0	0	85
13:50:00	49800	87	50	0	771	67	46	0	595	1	0	0	15	3	3	0	11	3	1	0	52	13	0	0	98
13:55:00	50100	72	59	0	784	55	53	0	597	0	0	0	15	3	1	0	13	6	5	0	53	8	0	0	106
14:00:00	50400	70	84	0	770	39	65	0	571	0	0	0	15	1	3	0	11	14	9	0	58	16	7	0	115
14:05:00	50700	87	80	0	777	66	49	0	588	0	1	0	14	1	2	0	10	10	5	0	63	10	23	0	102
14:10:00	51000	80	82	0	775	57	55	0	590	0	0	0	14	6	2	0	14	7	10	0	60	10	15	0	97
14:15:00	51300	77	54	0	798	59	37	0	612	0	0	0	14	2	1	0	15	11	6	0	65	5	10	0	92
14:20:00	51600	84	80	0	802	60	56	0	616	0	0	0	14	4	2	0	17	6	3	0	68	14	19	0	87
14:25:00	51900	89	101	0	790	50	71	0	595	0	0	0	14	10	3	0	24	21	19	0	70	8	8	0	87
14:30:00	52200	94	90	0	794	67	62	0	600	0	0	0	14	4	5	0	23	15	7	0	78	8	16	0	79
14:35:00	52500	81	83	0	792	52	59	0	593	0	0	0	14	2	5	0	20	17	8	0	87	10	11	0	78
14:40:00	52800	97	96	0	793	72	66	0	599	0	0	0	14	5	5	0	20	10	9	0	88	10	16	0	72
14:45:00	53100	94	94	0	793	56	67	0	588	0	0	0	14	5	3	0	22	20	11	0	97	13	13	0	72
14:50:00	53400	97	85	0	805	66	60	0	594	0	0	0	14	7	1	0	28	20	12	0	105	4	12	0	64
14:55:00	53700	73	77	0	801	48	53	0	589	0	0	0	14	3	5	0	26	19	10	0	114	3	9	0	58
15:00:00	54000	92	73	0	820	59	55	0	593	0	0	0	14	5	4	0	27	15	11	0	118	13	3	0	68
15:05:00	54300	91	82	0	829	65	59	0	599	0	0	0	14	9	5	0	31	11	10	0	119	6	8	0	66
15:10:00	54600	97	72	0	854	53	53	0	599	0	0	0	14	10	1	0	40	17	15	0	121	17	3	0	80
15:15:00	54900	98	69	0	883	67	51	0	615	0	0	0	14	4	2	0	42	14	14	0	121	13	2	0	91
15:20:00	55200	88	76	0	895	43	41	0	617	0	0	0	14	5	7	0	40	24	25	0	120	16	3	0	104
15:25:00	55500	75	87	0	883	42	57	0	602	0	0	0	14	3	11	0	32	19	15	0	124	11	4	0	111
15:30:00	55800	86	80	0	889	34	57	0	579	0	0	0	14	6	8	0	30	27	13	0	138	19	2	0	128
15:35:00	56100	90	66	0	913	48	46	0	581	0	0	0	14	2	6	0	26	23	14	0	147	17	0	0	145
15:40:00	56400	106	85	0	934	54	55	0	580	0	0	0	14	11	5	0	32	18	22	0	143	23	3	0	165
15:45:00	56700	108	59	0	983	43	41	0	582	0	0	0	14	12	4	0	40	25	13	0	155	28	1	0	192
15:50:00	57000	80	77	0	986	36	52	0	566	0	0	0	14	6	8	0	38	19	17	0	157	19	0	0	211
15:55:00	57300	94	77	0	1003	47	58	0	555	0	0	0	14	10	6	0	42	12	13	0	156	25	0	0	236
16:00:00	57600	104	82	0	1025	42	50	0	547	0	0	0	14	14	8	0	48	20	12	0	164	28	12	0	252
16:05:00	57900	100	105	0	1020	45	49	0	543	0	0	0	14	14	5	0	57	19	23	0	160	22	28	0	246
16:10:00	58200	107	103	0	1024	59	51	0	551	0	0	0	14	7	9	0	55	28	21	0	167	13	22	0	237
16:15:00	58500	114	103	0	1035	57	57	0	551	0	0	0	14	14	12	0	57	27	24	0	170	16	10	0	243
16:20:00	58800	128	103	0	1060	61	53	0	559	0	0	0	14	15	9	0	63	33	13	0	190	19	28	0	234
16:25:00	59100	103	98	0	1065	45	53	0	551	0	0	0	14	14	8	0	69	29	23	0	196	15	14	0	235
16:30:00	59400	106	116	0	1055	58	59	0	550	0	0	0	14	7	11	0	65	27	20	0	203	14	26	0	223
16:35:00	59700	111	99	0	1067	69	54	0	565	0	0	0	14	11	12	0	64	22	15	0	210	9	18	0	214
16:40:00	60000	122	109	0	1080	63	53	0	575	0	0	0	14	16	13	0	67	27	29	0	208	16	14	0	216
16:45:00	60300	125	132	0	1073	79	82	0	572	0	0	0	14	8	9	0	66	28	19	0	217	10	22	0	204
16:50:00	60600	158	128	0	1103	103	58	0	617	0	0	0	14	15	14	0	67	33	32	0	218	7	24	0	187
16:55:00	60900	143	110	0	1136	98	60	0	655	0	0	0	14	16	13	0	70	18	25	0	211	11	12	0	186
17:00:00	61200	174	117	0	1193	121	57	0	719	0	0	0	14	16	20	0	66	22	28	0	205	15	12	0	189
17:05:00	61500	152	139	0	1206	104	75	0	748	0	0	0	14	8	9	0	65	23	38	0	190	17	17	0	189
17:10:00	61800	207	132	0	1281	156	74	0	830	0	0	0	14	18	16	0	67	17	33	0	174	16	9	0	196
17:15:00	62100	162	136	0	1307	103	79	0	854	1	0	0	15	14	13	0	68	24	33	0	165	20	11	0	205
17:20:00	62400	220	132	0	1395	170	86	0	938	0	0	0	15	24	9	0	83	16	33	0	148	10	4	0	211
17:25:00	62700	241	139	0	1497	181	103	0	1016	0	0	0	15	19	7	0	95	20	26	0	142	21	3	0	229
17:30:00	63000	206	109	0	1594	163	73	0	1106	0	0	0	15	11	11	0	95	15	25	0	132	17	0	0	246
17:35:00	63300	265	134	0	1725	193	96	0	1203	0	0	0	15	18	16	0	97	27	22	0	137	27	0	0	273
17:40:00	63600	287	133	0	1879	223	100	0	1326	0	0	0	15	21	18	0	100	18	14	0	141	25	1	0	297
17:45:00	63900	311	153	0	2037	237	107	0	1456	1	0	0	16	21	21	0	100	24	23	0	142	28	2	0	323
17:50:00	64200	294	177	0	2154	237	140	0	1553	2	0	0	18	19	16	0	103	20	19	0	143	16	2	0	337
17:55:00	64500	345	170	0	2329	285	125	0	1713	0	0	0	18	22	18	0	107	12	26	0	129	26	1	0	362
18:00:00	64800	262	204	0	2387	196	159	0	1750	0	0	0	18	20	11	0	116	22	21	0	130	24	13	0	373
18:05:00	65100	316	235	0	2468	247	163	0	1834	0	0	0	18	12	18	0	110	27	23	0	134	30	31	0	372
18:10:00	65400	282	245	0	2505	221	179	0	1876	0	0	0	18	19	13	0	116	25	22	0	137	17	31	0	358
18:15:00	65700	301	246	0	2560	240	190	0	1926	1	0	0	19	21	19	0	118	26	24	0	139	13	13	0	358
18:20:00	66000	379	262	0	2677	304	187	0	2043	0	0	0	19	14	24	0	108	39	20	0	158	22	31	0	349
18:25:00	66300	336	253	0	2760	254	204	0	2093	0	0	0	19	17	16	0	109	32	22	0	168	33	11	0	371
18:30:00	66600	340	240	0	2860	263	179	0	2177	1	0	0	20	10	19	0	100	41	29	0	180	25	13	0	383
18:35:00	66900	336	253	0	2943	267	193	0	2251	0	0	0	20	22	14	0	108	30	25	0	185	17	21	0	379
18:40:00	67200	309	295	0	2957	235	223	0	2263	0	1	0	19	20	20	0	108	38	27	0	196	16	24	0	371
18:45:00	67500	334	290	0	3001	275	222	0	2316	0	0	0	19	12	15	0	105	40	34	0	202	7	19	0	359
18:50:00	67800	362	324	0	3039	281	246	0	2351	0	1	0	18	14	29	0	90	54	22	0	234	13	26	0	346
18:55:00	68100	284	355	0	2968	208	267	0	2292	0	0	0	18	10	19	0	81	56	39	0	251	10	30	0	326
19:00:00	68400	296	316	0	2948	232	238	0	2286	0	0	0	18	9	18	0	72	40	44	0	247	15	16	0	325
19:05:00	68700	263	307	0	2904	196	248	0	2234	0	0	0	18	14	12	0	74	47	32	0	262	6	15	0	316
19:10:00	69000	319	307	0	2916	249	242	0	2241	0	0	0	18	17	7	0	84	44	46	0	260	9	12	0	313
19:15:00	69300	386	293	0	3009	313	239	0	2315	0	1	0	17	18	11	0	91	43	33	0	270	12	9	0	316
19:20:00	69600	263	358	0	2914	194	293	0	2216	0	0	0	17	15	17	0	89	41	42	0	269	13	6	0	323
19:25:00	69900	266	343	0	2837	171	275	0	2112	0	0	0	17	11	17	0	83	56	45	0	280	28	6	0	345
19:30:00	70200	249	304	0	2782	169	252	0	2029	1	0	0	18	19	8	0	94	42	43	0	279	18	1	0	362
19:35:00	70500	270	315	0	2737	198	248	0	1979	0	0	0	18	15	14	0	95	39	47	0	271	18	6	0	374
19:40:00	70800	338	361	0	2714	254	282	0	1951	0	0	0	18	16	20	0	91	42	53	0	260	26	6	0	394
19:45:00	71100	289	293	0	2710	208	222	0	1937	0	0	0	18	15	17	0	89	48	47	0	261	18	7	0	405
19:50:00	71400	206	302	0	2614	133	234	0	1836	0	0	0	18	15	18	0	86	42	44	0	259	16	6	0	415
19:55:00	71700	213	248	0	2579	126	203	0	1759	0	0	0	18	15	8	0	93	51	35	0	275	21	2	0	434
20:00:00	72000	216	301	0	2494	142	243	0	1658	0	0	0	18	20	15	0	98	42	33	0	284	12	10	0	436
20:05:00	72300	257	284	0	2467	184	211	0	1631	0	0	0	18	18	9	0	107	42	46	0	280	13	18	0	431
20:10:00	72600	247	252	0	2462	172	174	0	1629	0	0	0	18	12	17	0	102	47	36	0	291	16	25	0	422
20:15:00	72900	188	282	0	2368	117	197	0	1549	0	0	0	18	21	19	0	104	40	50	0	281	10	16	0	416
20:20:00	73200	164	280	0	2252	100	193	0	1456	0	0	0	18	9	13	0	100	42	46	0	277	13	28	0	401
20:25:00	73500	172	288	0	2136	102	208	0	1350	0	0	0	18	17	24	0	93	43	46	0	274	10	10	0	401
20:30:00	73800	171	237	0	2070	107	157	0	1300	0	0	0	18	14	15	0	92	31	44	0	261	19	21	0	399
20:35:00	74100	190	235	0	2025	136	167	0	1269	0	0	0	18	16	17	0	91	34	38	0	257	4	13	0	390
20:40:00	74400	173	225	0	1973	106	144	0	1231	0	0	0	18	19	13	0	97	41	37	0	261	7	31	0	366
20:45:00	74700	143	249	0	1867	69	172	0	1128	0	0	0	18	26	18	0	105	39	44	0	256	9	15	0	360
20:50:00	75000	117	208	0	1776	76	128	0	1076	0	0	0	18	12	16	0	101	25	38	0	243	4	26	0	338
20:55:00	75300	125	226	0	1675	63	137	0	1002	0	0	0	18	18	16	0	103	43	51	0	235	1	22	0	317
21:00:00	75600	138	187	0	1626	87	119	0	970	0	0	0	18	16	16	0	103	30	41	0	224	5	11	0	311
21:05:00	75900	158	210	0	1574	103	124	0	949	0	0	0	18	13	16	0	100	36	50	0	210	6	20	0	297
21:10:00	76200	125	180	0	1519	55	113	0	891	0	0	0	18	19	17	0	102	38	40	0	208	13	10	0	300
21:15:00	76500	121	164	0	1476	60	102	0	849	0	0	0	18	22	12	0	112	30	41	0	197	9	9	0	300
21:20:00	76800	102	182	0	1396	41	108	0	782	0	0	0	18	17	14	0	115	33	54	0	176	11	6	0	305
21:25:00	77100	120	150	0	1366	56	94	0	744	0	0	0	18	10	12	0	113	36	37	0	175	18	7	0	316
21:30:00	77400	128	135	0	1359	81	76	0	749	0	0	0	18	7	13	0	107	27	42	0	160	13	4	0	325
21:35:00	77700	120	145	0	1334	59	86	0	722	0	0	0	18	17	22	0	102	27	32	0	155	17	5	0	337
21:40:00	78000	94	128	0	1300	33	68	0	687	0	0	0	18	16	19	0	99	36	31	0	160	9	10	0	336
21:45:00	78300	109	133	0	1276	38	78	0	647	0	0	0	18	18	17	0	100	37	34	0	163	16	4	0	348
21:50:00	78600	91	145	0	1222	45	86	0	606	0	0	0	18	12	15	0	97	26	40	0	149	8	4	0	352
21:55:00	78900	109	131	0	1200	60	81	0	585	0	0	0	18	13	18	0	92	27	31	0	145	9	1	0	360
22:00:00	79200	105	130	0	1175	55	72	0	568	0	0	0	18	15	21	0	86	22	29	0	138	13	8	0	365
22:05:00	79500	76	143	0	1108	29	81	0	516	0	0	0	18	11	24	0	73	27	19	0	146	9	19	0	355
22:10:00	79800	81	116	0	1073	24	51	0	489	0	0	0	18	10	16	0	67	33	32	0	147	14	17	0	352
22:15:00	80100	72	118	0	1027	28	56	0	461	0	0	0	18	16	19	0	64	21	30	0	138	7	13	0	346
22:20:00	80400	67	96	0	998	22	39	0	444	0	0	0	18	14	11	0	67	28	28	0	138	3	18	0	331
22:25:00	80700	79	91	0	986	37	50	0	431	0	0	0	18	9	9	0	67	25	25	0	138	8	7	0	332
22:30:00	81000	68	92	0	962	19	48	0	402	0	0	0	18	14	13	0	68	22	25	0	135	13	6	0	339
22:35:00	81300	69	97	0	934	16	45	0	373	0	0	0	18	11	17	0	62	38	25	0	148	4	10	0	333
22:40:00	81600	58	99	0	893	10	48	0	335	0	0	0	18	7	10	0	59	37	29	0	156	4	12	0	325
22:45:00	81900	59	95	0	857	12	34	0	313	0	0	0	18	11	9	0	61	35	36	0	155	1	16	0	310
22:50:00	82200	53	106	0	804	15	47	0	281	0	0	0	18	8	10	0	59	29	34	0	150	1	15	0	296
22:55:00	82500	59	108	0	755	18	39	0	260	0	0	0	18	7	10	0	56	32	40	0	142	2	19	0	279
23:00:00	82800	42	87	0	710	6	33	0	233	0	0	0	18	12	14	0	54	21	30	0	133	3	10	0	272
23:05:00	83100	47	84	0	673	5	32	0	206	0	0	0	18	15	10	0	59	24	25	0	132	3	17	0	258
23:10:00	83400	50	80	0	643	7	23	0	190	0	0	0	18	9	10	0	58	31	34	0	129	3	13	0	248
23:15:00	83700	47	70	0	620	12	15	0	187	0	0	0	18	7	12	0	53	24	39	0	114	4	4	0	248
23:20:00	84000	48	63	0	605	11	21	0	177	0	0	0	18	11	9	0	55	21	29	0	106	5	4	0	249
23:25:00	84300	44	58	0	591	7	17	0	167	0	0	0	18	13	7	0	61	22	29	0	99	2	5	0	246
23:30:00	84600	38	73	0	556	2	25	0	144	0	0	0	18	11	6	0	66	20	35	0	84	5	7	0	244
23:35:00	84900	43	56	0	543	5	14	0	135	0	0	0	18	11	15	0	62	23	21	0	86	4	6	0	242
23:40:00	85200	45	45	0	543	9	14	0	130	0	0	0	18	6	9	0	59	29	20	0	95	1	2	0	241
23:45:00	85500	36	55	0	524	4	13	0	121	0	0	0	18	9	13	0	55	22	27	0	90	1	2	0	240
23:50:00	85800	29	50	0	503	2	13	0	110	0	0	0	18	6	8	0	53	19	28	0	81	2	1	0	241
23:55:00	86100	26	56	0	473	3	13	0	100	0	0	0	18	7	14	0	46	15	25	0	71	1	4	0	238
24:00:00	86400	628	55	0	1046	39	12	0	127	0	0	0	18	84	10	0	120	504	33	0	542	1	0	0	239
24:05:00	86700	40	62	0	1024	0	7	0	120	0	0	0	18	27	17	0	130	13	28	0	527	0	10	0	229
24:10:00	87000	37	75	0	986	0	11	0	109	0	0	0	18	27	15	0	142	10	38	0	499	0	11	0	218
24:15:00	87300	16	78	0	924	1	10	0	100	0	0	0	18	15	19	0	138	0	48	0	451	0	1	0	217
24:20:00	87600	18	87	0	855	0	12	0	88	0	0	0	18	16	19	0	135	2	49	0	404	0	7	0	210
24:25:00	87900	10	109	0	756	1	8	0	81	0	0	0	18	7	21	0	121	2	73	0	333	0	7	0	203
24:30:00	88200	14	93	0	677	0	6	0	75	0	0	0	18	10	34	0	97	4	48	0	289	0	5	0	198
24:35:00	88500	16	116	0	577	0	13	0	62	0	0	0	18	13	27	0	83	3	73	0	219	0	3	0	195
24:40:00	88800	9	82	0	504	0	3	0	59	0	0	0	18	6	18	0	71	3	56	0	166	0	5	0	190
24:45:00	89100	2	68	0	438	0	7	0	52	0	0	0	18	2	17	0	56	0	43	0	123	0	1	0	189
24:50:00	89400	12	62	0	388	0	6	0	46	0	0	0	18	9	18	0	47	3	37	0	89	0	1	0	188
24:55:00	89700	13	66	0	335	0	3	0	43	0	0	0	18	2	18	0	31	11	45	0	55	0	0	0	188
25:00:00	90000	3	57	0	281	0	4	0	39	0	0	0	18	1	13	0	19	2	38	0	19	0	2	0	186
25:05:00	90300	11	59	0	233	0	2	0	37	0	0	0	18	4	4	0	19	7	50	0	-24	0	3	0	183
25:10:00	90600	9	46	0	196	0	1	0	36	0	0	0	18	3	6	0	16	6	36	0	-54	0	3	0	180
25:15:00	90900	2	39	0	159	0	2	0	34	0	0	0	18	1	3	0	14	1	33	0	-86	0	1	0	179
25:20:00	91200	7	34	0	132	0	2	0	32	0	0	0	18	1	5	0	10	6	26	0	-106	0	1	0	178
25:25:00	91500	3	18	0	117	0	0	0	32	0	0	0	18	3	3	0	10	0	15	0	-121	0	0	0	178
25:30:00	91800	4	11	0	110	0	0	0	32	0	0	0	18	3	1	0	12	1	9	0	-129	0	1	0	177
25:35:00	92100	4	14	0	100	0	0	0	32	0	0	0	18	3	2	0	13	1	10	0	-138	0	2	0	175
25:40:00	92400	4	16	0	88	0	3	0	29	0	0	0	18	4	3	0	14	0	10	0	-148	0	0	0	175
25:45:00	92700	2	10	0	80	0	4	0	25	0	0	0	18	2	1	0	15	0	5	0	-153	0	0	0	175
25:50:00	93000	0	6	0	74	0	0	0	25	0	0	0	18	0	1	0	14	0	5	0	-158	0	0	0	175
25:55:00	93300	0	13	0	61	0	2	0	23	0	0	0	18	0	3	0	11	0	7	0	-165	0	1	0	174
26:00:00	93600	1	7	0	55	0	1	0	22	0	0	0	18	1	3	0	9	0	3	0	-168	0	0	0	174
26:05:00	93900	1	10	0	46	0	1	0	21	0	0	0	18	1	5	0	5	0	4	0	-172	0	0	0	174
26:10:00	94200	0	10	0	36	0	0	0	21	0	0	0	18	0	3	0	2	0	7	0	-179	0	0	0	174
26:15:00	94500	1	7	0	30	0	0	0	21	0	0	0	18	1	0	0	3	0	7	0	-186	0	0	0	174
26:20:00	94800	0	3	0	27	0	1	0	20	0	0	0	18	0	0	0	3	0	2	0	-188	0	0	0	174
26:25:00	95100	1	2	0	26	0	0	0	20	0	0	0	18	1	0	0	4	0	2	0	-190	0	0	0	174
26:30:00	95400	1	4	0	23	0	1	0	19	0	0	0	18	1	2	0	3	0	1	0	-191	0	0	0	174
26:35:00	95700	0	3	0	20	0	1	0	18	0	0	0	18	0	1	0	2	0	1	0	-192	0	0	0	174
26:40:00	96000	0	0	0	20	0	0	0	18	0	0	0	18	0	0	0	2	0	0	0	-192	0	0	0	174
26:45:00	96300	0	1	0	19	0	1	0	17	0	0	0	18	0	0	0	2	0	0	0	-192	0	0	0	174
26:50:00	96600	1	1	0	19	0	1	0	16	0	0	0	18	1	0	0	3	0	0	0	-192	0	0	0	174
26:55:00	96900	0	0	0	19	0	0	0	16	0	0	0	18	0	0	0	3	0	0	0	-192	0	0	0	174
27:00:00	97200	0	3	0	16	0	2	0	14	0	0	0	18	0	1	0	2	0	0	0	-192	0	0	0	174
27:05:00	97500	0	0	0	16	0	0	0	14	0	0	0	18	0	0	0	2	0	0	0	-192	0	0	0	174
27:10:00	97800	0	0	0	16	0	0	0	14	0	0	0	18	0	0	0	2	0	0	0	-192	0	0	0	174
27:15:00	98100	1	2	0	15	1	1	0	14	0	0	0	18	0	1	0	1	0	0	0	-192	0	0	0	174
27:20:00	98400	1	1	0	15	0	0	0	14	0	0	0	18	1	1	0	1	0	0	0	-192	0	0	0	174
27:25:00	98700	0	0	0	15	0	0	0	14	0	0	0	18	0	0	0	1	0	0	0	-192	0	0	0	174
27:30:00	99000	1	1	0	15	0	1	0	13	0	0	0	18	1	0	0	2	0	0	0	-192	0	0	0	174
27:35:00	99300	1	0	0	16	0	0	0	13	0	0	0	18	1	0	0	3	0	0	0	-192	0	0	0	174
27:40:00	99600	1	1	0	16	0	1	0	12	0	0	0	18	1	0	0	4	0	0	0	-192	0	0	0	174
27:45:00	99900	1	0	0	17	1	0	0	13	0	0	0	18	0	0	0	4	0	0	0	-192	0	0	0	174
27:50:00	100200	0	1	0	16	0	0	0	13	0	0	0	18	0	1	0	3	0	0	0	-192	0	0	0	174
27:55:00	100500	1	2	0	15	0	1	0	12	0	0	0	18	1	1	0	3	0	0	0	-192	0	0	0	174
28:00:00	100800	0	1	0	14	0	1	0	11	0	0	0	18	0	0	0	3	0	0	0	-192	0	0	0	174
28:05:00	101100	0	0	0	14	0	0	0	11	0	0	0	18	0	0	0	3	0	0	0	-192	0	0	0	174
28:10:00	101400	0	1	0	13	0	0	0	11	0	0	0	18	0	1	0	2	0	0	0	-192	0	0	0	174
28:15:00	101700	0	1	0	12	0	0	0	11	0	0	0	18	0	1	0	1	0	0	0	-192	0	0	0	174
28:20:00	102000	0	0	0	12	0	0	0	11	0	0	0	18	0	0	0	1	0	0	0	-192	0	0	0	174
28:25:00	102300	0	0	0	12	0	0	0	11	0	0	0	18	0	0	0	1	0	0	0	-192	0	0	0	174
28:30:00	102600	0	0	0	12	0	0	0	11	0	0	0	18	0	0	0	1	0	0	0	-192	0	0	0	174
28:35:00	102900	0	1	0	11	0	0	0	11	0	0	0	18	0	1	0	0	0	0	0	-192	0	0	0	174
28:40:00	103200	0	0	0	11	0	0	0	11	0	0	0	18	0	0	0	0	0	0	0	-192	0	0	0	174
28:45:00	103500	0	0	0	11	0	0	0	11	0	0	0	18	0	0	0	0	0	0	0	-192	0	0	0	174
28:50:00	103800	0	1	0	10	0	1	0	10	0	0	0	18	0	0	0	0	0	0	0	-192	0	0	0	174
28:55:00	104100	0	0	0	10	0	0	0	10	0	0	0	18	0	0	0	0	0	0	0	-192	0	0	0	174
29:00:00	104400	0	0	0	10	0	0	0	10	0	0	0	18	0	0	0	0	0	0	0	-192	0	0	0	174
29:05:00	104700	0	1	0	9	0	1	0	9	0	0	0	18	0	0	0	0	0	0	0	-192	0	0	0	174
29:10:00	105000	0	0	0	9	0	0	0	9	0	0	0	18	0	0	0	0	0	0	0	-192	0	0	0	174
29:15:00	105300	0	0	0	9	0	0	0	9	0	0	0	18	0	0	0	0	0	0	0	-192	0	0	0	174
29:20:00	105600	1	0	0	10	0	0	0	9	0	0	0	18	1	0	0	1	0	0	0	-192	0	0	0	174
29:25:00	105900	0	2	0	8	0	2	0	7	0	0	0	18	0	0	0	1	0	0	0	-192	0	0	0	174
29:30:00	106200	0	0	0	8	0	0	0	7	0	0	0	18	0	0	0	1	0	0	0	-192	0	0	0	174
29:35:00	106500	2	0	0	10	2	0	0	9	0	0	0	18	0	0	0	1	0	0	0	-192	0	0	0	174
29:40:00	106800	1	0	0	11	1	0	0	10	0	0	0	18	0	0	0	1	0	0	0	-192	0	0	0	174
29:45:00	107100	2	0	0	13	2	0	0	12	0	0	0	18	0	0	0	1	0	0	0	-192	0	0	0	174
29:50:00	107400	1	1	0	13	1	0	0	13	0	0	0	18	0	1	0	0	0	0	0	-192	0	0	0	174
29:55:00	107700	2	2	0	13	2	2	0	13	0	0	0	18	0	0	0	0	0	0	0	-192	0	0	0	174
30:00:00	108000	0	0	0	13	0	0	0	13	0	0	0	18	0	0	0	0	0	0	0	-192	0	0	0	174
30:05:00	108300	0	0	0	13	0	0	0	13	0	0	0	18	0	0	0	0	0	0	0	-192	0	0	0	174
